0 0.244591 0.301667 0.033214 0.103519
0 0.240927 0.332477 0.042052 0.134917
0 0.255891 0.544463 0.059635 0.129148
0 0.148438 0.745000 0.056385 0.150352
0 0.400693 0.205282 0.047375 0.097880
0 0.419570 0.121528 0.043568 0.117389
0 0.636138 0.139986 0.040568 0.109935
0 0.568812 0.226324 0.040312 0.119407
0 0.359987 0.303468 0.034307 0.094454
0 0.355648 0.340028 0.038120 0.069426
0 0.362276 0.372648 0.039260 0.096333
0 0.334411 0.400319 0.041385 0.094065
0 0.303651 0.414440 0.050667 0.116176
0 0.439732 0.270208 0.054755 0.113731
0 0.522539 0.413773 0.041932 0.139417
0 0.412115 0.360829 0.055229 0.095843
0 0.384674 0.424389 0.062932 0.107463
0 0.355216 0.479065 0.052286 0.132630
0 0.444237 0.806815 0.052568 0.164722
0 0.713885 0.651264 0.054344 0.150472
0 0.784740 0.296296 0.051677 0.126704
0 0.392482 0.517139 0.054443 0.142130
