0 0.526716 0.418704 0.035693 0.127889
0 0.453820 0.543981 0.096880 0.091778
0 0.263237 0.193509 0.067630 0.225796
0 0.462953 0.613708 0.069802 0.256843
0 0.270315 0.804981 0.064911 0.269463
0 0.592901 0.315426 0.042479 0.216259
0 0.490815 0.210250 0.050474 0.217537
0 0.544799 0.297764 0.040880 0.190343
0 0.468076 0.446579 0.030151 0.089380
0 0.451708 0.333921 0.052635 0.193454
0 0.323294 0.489431 0.054089 0.245306
0 0.647185 0.374972 0.059599 0.244056
0 0.387961 0.496208 0.082995 0.150917
0 0.251516 0.511389 0.067906 0.251056
0 0.474589 0.450139 0.044198 0.089019
0 0.575852 0.458551 0.045057 0.232972
0 0.440000 0.522523 0.041094 0.218139
0 0.347141 0.462144 0.040104 0.224676
0 0.443695 0.437741 0.048682 0.078963
0 0.538865 0.538315 0.047948 0.225963
0 0.553742 0.398597 0.044016 0.155917
0 0.472115 0.443319 0.033281 0.117139
0 0.465466 0.552370 0.043568 0.229630
