0 0.407875 0.426523 0.043479 0.104046
0 0.235826 0.265463 0.042484 0.135315
0 0.579497 0.581097 0.057984 0.175120
0 0.484693 0.785449 0.049792 0.179380
0 0.630167 0.371884 0.034323 0.136046
0 0.454289 0.124565 0.043568 0.128667
0 0.502094 0.282528 0.044365 0.131907
0 0.403534 0.416185 0.030151 0.089389
0 0.505240 0.315125 0.043938 0.154343
0 0.362909 0.490194 0.041766 0.139500
0 0.635107 0.469093 0.055766 0.145796
0 0.361792 0.401727 0.057177 0.107676
0 0.339156 0.537509 0.050177 0.173000
0 0.464378 0.342931 0.039453 0.128324
0 0.584792 0.463060 0.051094 0.111120
0 0.354599 0.511731 0.042844 0.143611
0 0.272182 0.429699 0.051302 0.161676
0 0.427995 0.470611 0.048677 0.112444
0 0.467763 0.513884 0.044109 0.144602
0 0.631570 0.447949 0.050839 0.130102
0 0.413500 0.419546 0.033281 0.117130
0 0.454034 0.689315 0.043547 0.172870
