0 0.302042 0.422556 0.044635 0.088981
0 0.205047 0.297611 0.042052 0.134926
0 0.431320 0.572120 0.054193 0.130741
0 0.387143 0.803806 0.056380 0.160907
0 0.628036 0.280602 0.043313 0.103593
0 0.407628 0.097898 0.043568 0.117389
0 0.598354 0.163394 0.046073 0.100639
0 0.550161 0.276685 0.033073 0.104481
0 0.375469 0.313611 0.035115 0.111685
0 0.342557 0.375764 0.049833 0.096806
0 0.440388 0.415037 0.040953 0.111759
0 0.265599 0.365810 0.037771 0.097602
0 0.283604 0.461597 0.036667 0.110694
0 0.400198 0.304958 0.036292 0.096602
0 0.472841 0.423667 0.048411 0.136907
0 0.359922 0.413079 0.040562 0.109472
0 0.232201 0.440778 0.049766 0.072889
0 0.290659 0.490199 0.040307 0.122120
0 0.473549 0.757968 0.059443 0.164731
0 0.702081 0.550926 0.060964 0.150463
0 0.493078 0.381620 0.056010 0.099889
0 0.389310 0.704204 0.054443 0.129722
