0 0.242185 0.300704 0.038016 0.124722
0 0.259380 0.335616 0.042052 0.134917
0 0.257734 0.541176 0.059635 0.129148
0 0.150885 0.741843 0.056385 0.150352
0 0.402383 0.211227 0.047380 0.097880
0 0.418687 0.122782 0.043563 0.109880
0 0.598534 0.131264 0.028318 0.109935
0 0.572117 0.229542 0.044109 0.112269
0 0.359779 0.305153 0.034307 0.082898
0 0.355648 0.342296 0.038120 0.064889
0 0.363539 0.375556 0.037432 0.091167
0 0.334411 0.403560 0.041385 0.087583
0 0.305651 0.414440 0.054667 0.116176
0 0.444076 0.267282 0.045328 0.123917
0 0.533878 0.409583 0.041932 0.139407
0 0.414263 0.364694 0.059505 0.095852
0 0.392576 0.425356 0.053307 0.107454
0 0.355570 0.472514 0.046922 0.132639
0 0.419812 0.793287 0.052562 0.164722
0 0.712010 0.637931 0.054344 0.150472
0 0.783086 0.294213 0.051672 0.126704
0 0.398247 0.525259 0.054443 0.142130
