0 0.245073 0.298810 0.032250 0.113213
0 0.236990 0.331375 0.036240 0.134917
0 0.255547 0.543630 0.059635 0.129148
0 0.150284 0.746694 0.056380 0.150352
0 0.401268 0.207301 0.047380 0.097880
0 0.417932 0.121528 0.043562 0.117389
0 0.624737 0.135579 0.040568 0.109935
0 0.570625 0.223981 0.042396 0.123704
0 0.359919 0.304042 0.034307 0.090528
0 0.355648 0.340801 0.038120 0.067880
0 0.362706 0.373634 0.038641 0.094583
0 0.334411 0.401421 0.041385 0.091861
0 0.304331 0.414440 0.052026 0.116176
0 0.440615 0.267282 0.052250 0.123917
0 0.524523 0.414213 0.041932 0.139407
0 0.412844 0.362144 0.056677 0.095843
0 0.387362 0.424718 0.059661 0.107454
0 0.355339 0.476838 0.050458 0.132639
0 0.437096 0.804713 0.052568 0.164722
0 0.713247 0.646727 0.054349 0.150472
0 0.788607 0.295769 0.051672 0.126704
0 0.402893 0.524194 0.054443 0.142130
