0 0.261620 0.350333 0.045875 0.094111
0 0.228927 0.340963 0.042052 0.134926
0 0.349560 0.566852 0.058557 0.129148
0 0.256547 0.768102 0.059906 0.150352
0 0.483794 0.219824 0.047380 0.097870
0 0.409122 0.122102 0.043568 0.117389
0 0.667013 0.151421 0.049620 0.109935
0 0.563805 0.232810 0.034547 0.107528
0 0.352401 0.307894 0.034312 0.103472
0 0.327063 0.356120 0.047490 0.093500
0 0.385953 0.389912 0.040323 0.106620
0 0.324029 0.417324 0.045776 0.101685
0 0.267516 0.442829 0.050990 0.116176
0 0.374964 0.293546 0.046083 0.107500
0 0.464549 0.415222 0.043828 0.139407
0 0.360482 0.356306 0.042182 0.106741
0 0.349661 0.391991 0.048740 0.112870
0 0.262063 0.467273 0.045740 0.132639
0 0.479237 0.822037 0.052568 0.164722
0 0.808867 0.639551 0.059641 0.150472
0 0.681667 0.318787 0.055854 0.126704
0 0.409477 0.559120 0.054443 0.142130
