0 0.512599 0.429403 0.034083 0.128472
0 0.452596 0.537755 0.093474 0.091083
0 0.264458 0.216014 0.061281 0.207972
0 0.480208 0.610083 0.054198 0.235204
0 0.287484 0.795944 0.061500 0.252667
0 0.594740 0.332051 0.042479 0.198269
0 0.481461 0.221139 0.045870 0.190259
0 0.527320 0.313032 0.040880 0.190343
0 0.468076 0.446579 0.030151 0.089380
0 0.461828 0.346588 0.050010 0.191454
0 0.333904 0.489431 0.046568 0.227065
0 0.650560 0.378787 0.052859 0.220056
0 0.397885 0.498037 0.087792 0.126574
0 0.268794 0.512606 0.062099 0.226731
0 0.474589 0.450139 0.044198 0.089019
0 0.567266 0.457213 0.045062 0.214981
0 0.447495 0.525190 0.041094 0.207472
0 0.345427 0.458491 0.040104 0.194259
0 0.443695 0.437741 0.048682 0.078963
0 0.535115 0.526981 0.043823 0.208630
0 0.544544 0.406231 0.044016 0.155926
0 0.472115 0.443319 0.033281 0.117139
0 0.465279 0.554787 0.043568 0.218796
