0 0.389818 0.417199 0.042812 0.112713
0 0.223065 0.271097 0.044661 0.137250
0 0.573115 0.582759 0.059250 0.175315
0 0.487534 0.799634 0.049891 0.175528
0 0.634854 0.376333 0.035990 0.140704
0 0.444154 0.105287 0.043568 0.117389
0 0.516055 0.280991 0.044536 0.131407
0 0.394687 0.403657 0.033687 0.092889
0 0.498042 0.317315 0.040760 0.152426
0 0.365086 0.478019 0.045724 0.141296
0 0.608141 0.486694 0.051781 0.140685
0 0.315073 0.396667 0.064406 0.133519
0 0.339068 0.543815 0.051813 0.171630
0 0.463315 0.326278 0.036297 0.130130
0 0.580901 0.459907 0.046990 0.116741
0 0.338935 0.500431 0.043474 0.139583
0 0.249078 0.433213 0.052937 0.167704
0 0.412544 0.495449 0.048682 0.134769
0 0.459174 0.548944 0.044109 0.155315
0 0.630599 0.466060 0.048354 0.143972
0 0.409451 0.411282 0.033964 0.117991
0 0.444555 0.721426 0.044224 0.172019
