0 0.244961 0.299481 0.032474 0.110926
0 0.238292 0.331162 0.039562 0.134917
0 0.255628 0.543829 0.059630 0.129157
0 0.150354 0.747500 0.056385 0.150352
0 0.401133 0.206829 0.047380 0.097880
0 0.418318 0.121528 0.043562 0.117389
0 0.627419 0.136616 0.040568 0.109935
0 0.570198 0.224532 0.041906 0.122694
0 0.359935 0.303903 0.034307 0.091454
0 0.355648 0.340616 0.038120 0.068250
0 0.362602 0.373403 0.038786 0.094991
0 0.334411 0.401162 0.041385 0.092380
0 0.304172 0.414440 0.051708 0.116176
0 0.440195 0.267282 0.053089 0.123917
0 0.524055 0.414111 0.041932 0.139407
0 0.412674 0.361833 0.056339 0.095852
0 0.386729 0.424639 0.060427 0.107463
0 0.355310 0.477361 0.050891 0.132630
0 0.440044 0.805370 0.052568 0.164722
0 0.713398 0.647796 0.054349 0.150463
0 0.787695 0.295894 0.051672 0.126713
0 0.400445 0.522532 0.054443 0.142120
