0 0.240185 0.313227 0.042026 0.103083
0 0.245229 0.336301 0.042052 0.134917
0 0.258125 0.547306 0.063167 0.129148
0 0.152349 0.746787 0.056385 0.150352
0 0.421664 0.207852 0.047380 0.097870
0 0.422078 0.121528 0.043562 0.117389
0 0.659409 0.150245 0.040568 0.109935
0 0.566044 0.229917 0.037120 0.112833
0 0.360096 0.302593 0.034307 0.100463
0 0.355648 0.338847 0.038120 0.071787
0 0.361617 0.371139 0.040214 0.099019
0 0.334411 0.398639 0.041385 0.097426
0 0.302612 0.414440 0.048589 0.116176
0 0.440401 0.275681 0.054490 0.106583
0 0.519508 0.413097 0.041932 0.139417
0 0.410995 0.358819 0.053000 0.095843
0 0.380565 0.423884 0.067943 0.107454
0 0.355034 0.482472 0.055068 0.132630
0 0.450667 0.809454 0.052562 0.164722
0 0.755078 0.683056 0.054344 0.150463
0 0.778826 0.297106 0.051672 0.126713
0 0.404388 0.524991 0.054443 0.142130
