0 0.238375 0.317333 0.045646 0.106778
0 0.246057 0.337037 0.042052 0.134926
0 0.266398 0.553750 0.075370 0.129148
0 0.159885 0.747347 0.057521 0.150361
0 0.427922 0.208921 0.047375 0.097880
0 0.422560 0.121528 0.043568 0.117389
0 0.664143 0.151144 0.040568 0.109935
0 0.565508 0.230602 0.036505 0.111574
0 0.360117 0.302421 0.034307 0.101620
0 0.355648 0.337889 0.038120 0.073704
0 0.365005 0.372000 0.040323 0.100796
0 0.332398 0.399926 0.042266 0.098593
0 0.298469 0.417699 0.048875 0.116176
0 0.432052 0.276588 0.054115 0.106935
0 0.515922 0.414037 0.042313 0.139407
0 0.404859 0.355773 0.051927 0.095843
0 0.377073 0.420329 0.067208 0.108546
0 0.343852 0.478486 0.053464 0.132639
0 0.451904 0.809963 0.052568 0.164722
0 0.769492 0.682602 0.054349 0.150463
0 0.771253 0.297958 0.052380 0.126713
0 0.411878 0.532352 0.054443 0.142130
