0 0.453292 0.523736 0.063740 0.089509
0 0.270794 0.255764 0.057599 0.193972
0 0.510854 0.593111 0.054604 0.208593
0 0.335737 0.769282 0.055109 0.223083
0 0.606289 0.360995 0.042484 0.178769
0 0.475208 0.246880 0.043562 0.176630
0 0.498904 0.334296 0.040880 0.179833
0 0.468076 0.446579 0.030151 0.089380
0 0.488143 0.357829 0.048703 0.169491
0 0.350622 0.492940 0.042807 0.202528
0 0.658547 0.391190 0.049490 0.188472
0 0.407568 0.504532 0.090187 0.108843
0 0.298690 0.521606 0.056047 0.197787
0 0.474589 0.450139 0.044198 0.089019
0 0.562182 0.460042 0.038771 0.184991
0 0.463995 0.520949 0.041094 0.186713
0 0.346146 0.467162 0.040104 0.179065
0 0.443695 0.437741 0.048682 0.078963
0 0.525763 0.503838 0.041766 0.163620
0 0.534828 0.421940 0.044021 0.155917
0 0.472115 0.443319 0.033281 0.117139
0 0.464857 0.560222 0.043568 0.194426
