0 0.558987 0.422287 0.045026 0.227870
0 0.457187 0.561111 0.106250 0.093704
0 0.242544 0.119931 0.074068 0.239861
0 0.392938 0.623671 0.085656 0.316361
0 0.189841 0.810833 0.074297 0.315667
0 0.570216 0.239514 0.042484 0.234250
0 0.516247 0.150454 0.064599 0.254741
0 0.581180 0.240681 0.046526 0.196694
0 0.468076 0.446579 0.030151 0.089380
0 0.401945 0.318722 0.061703 0.264037
0 0.271599 0.485375 0.072031 0.313398
0 0.615367 0.318495 0.053516 0.214583
0 0.366687 0.484125 0.051677 0.214861
0 0.186628 0.501463 0.085443 0.304352
0 0.474589 0.450139 0.044198 0.089019
0 0.597242 0.456176 0.045057 0.272130
0 0.401378 0.516088 0.049568 0.280028
0 0.336818 0.469958 0.057708 0.280602
0 0.443695 0.437741 0.048682 0.078963
0 0.542768 0.581944 0.058932 0.277204
0 0.594346 0.414528 0.046682 0.237981
0 0.472115 0.443319 0.033281 0.117139
0 0.458948 0.549708 0.051594 0.288657
