0 0.241992 0.300847 0.038391 0.125398
0 0.262867 0.336222 0.042057 0.134926
0 0.258263 0.540907 0.059630 0.129148
0 0.151818 0.741019 0.056385 0.150352
0 0.402451 0.211463 0.047380 0.097870
0 0.418909 0.122921 0.043568 0.109083
0 0.597247 0.132407 0.028318 0.108963
0 0.572117 0.230333 0.044109 0.110685
0 0.359771 0.305218 0.034312 0.082435
0 0.355648 0.342384 0.038120 0.064713
0 0.363591 0.375671 0.037359 0.090972
0 0.334411 0.403690 0.041385 0.087324
0 0.305732 0.414440 0.054828 0.116176
0 0.444286 0.267282 0.044906 0.123917
0 0.534695 0.409056 0.041932 0.139407
0 0.414349 0.364847 0.059677 0.095843
0 0.392893 0.425398 0.052922 0.107463
0 0.355583 0.472250 0.046708 0.132630
0 0.419245 0.793157 0.052562 0.164722
0 0.711935 0.637398 0.054349 0.150463
0 0.782641 0.294116 0.051677 0.126713
0 0.400021 0.527032 0.054448 0.142120
