0 0.335984 0.429556 0.044635 0.098167
0 0.194987 0.280949 0.042057 0.134917
0 0.492698 0.578815 0.054844 0.141741
0 0.423924 0.836662 0.056380 0.171454
0 0.661857 0.328468 0.048682 0.122435
0 0.403737 0.071583 0.043568 0.117389
0 0.579138 0.192042 0.046078 0.118972
0 0.517570 0.335231 0.045047 0.118426
0 0.413997 0.323042 0.040224 0.132639
0 0.357927 0.407556 0.046958 0.113648
0 0.485203 0.454565 0.040490 0.135259
0 0.231755 0.361829 0.037771 0.122769
0 0.310490 0.501111 0.036667 0.135648
0 0.439641 0.316162 0.036292 0.127398
0 0.516940 0.452384 0.046995 0.134602
0 0.336102 0.440551 0.040568 0.080139
0 0.185651 0.446870 0.066573 0.111426
0 0.339474 0.520181 0.043385 0.123583
0 0.451380 0.702616 0.048708 0.158139
0 0.602253 0.524028 0.051047 0.129926
0 0.433385 0.424458 0.044875 0.105898
0 0.376247 0.759810 0.051547 0.153935
