0 0.244677 0.301162 0.033042 0.105231
0 0.240430 0.332032 0.042057 0.134917
0 0.255828 0.544315 0.059635 0.129148
0 0.148583 0.744889 0.056385 0.150352
0 0.400794 0.205634 0.047380 0.097880
0 0.419281 0.121528 0.043562 0.117389
0 0.634128 0.139208 0.040568 0.109935
0 0.569133 0.225917 0.040672 0.120167
0 0.359977 0.303569 0.034307 0.093769
0 0.355648 0.340162 0.038120 0.069157
0 0.362352 0.372824 0.039151 0.096037
0 0.334411 0.400514 0.041385 0.093676
0 0.303771 0.414440 0.050906 0.116176
0 0.439799 0.269412 0.054411 0.116509
0 0.522888 0.413852 0.041932 0.139407
0 0.412242 0.361060 0.055484 0.095843
0 0.385148 0.424444 0.062359 0.107463
0 0.355237 0.478671 0.051964 0.132639
0 0.443495 0.806509 0.052563 0.164722
0 0.713773 0.650463 0.054349 0.150463
0 0.785422 0.296204 0.051677 0.126704
0 0.394320 0.518384 0.054443 0.142120
