0 0.244656 0.298829 0.033083 0.116028
0 0.234706 0.331745 0.030422 0.134917
0 0.255406 0.543292 0.059635 0.129157
0 0.150503 0.746537 0.056380 0.150352
0 0.401505 0.208134 0.047375 0.097880
0 0.417258 0.121528 0.043568 0.117389
0 0.618727 0.134542 0.040568 0.109935
0 0.571370 0.223019 0.043250 0.125481
0 0.359888 0.304278 0.034307 0.088907
0 0.355648 0.341116 0.038120 0.067250
0 0.362880 0.374042 0.038385 0.093861
0 0.334411 0.401875 0.041385 0.090954
0 0.304612 0.414440 0.052589 0.116176
0 0.441349 0.267282 0.050781 0.123917
0 0.525339 0.414394 0.041927 0.139417
0 0.413146 0.362681 0.057281 0.095843
0 0.388469 0.424852 0.058313 0.107463
0 0.355388 0.475921 0.049714 0.132639
0 0.431940 0.803574 0.052568 0.164722
0 0.712987 0.644861 0.054349 0.150463
0 0.788852 0.295495 0.051672 0.126713
0 0.403346 0.524074 0.054443 0.142130
