0 0.243229 0.299912 0.035927 0.121046
0 0.241029 0.332542 0.040391 0.134917
0 0.255104 0.542556 0.059635 0.129148
0 0.147943 0.747361 0.056385 0.150352
0 0.402010 0.209917 0.047375 0.097870
0 0.417469 0.122056 0.043562 0.114222
0 0.607505 0.129282 0.035615 0.109935
0 0.572117 0.225204 0.044109 0.120944
0 0.359826 0.304782 0.034307 0.085435
0 0.355648 0.341796 0.038120 0.065889
0 0.363260 0.374917 0.037833 0.092315
0 0.334411 0.402847 0.041385 0.089009
0 0.305211 0.414440 0.053786 0.116176
0 0.442922 0.267282 0.047635 0.123917
0 0.529409 0.412472 0.041932 0.139407
0 0.413789 0.363847 0.058568 0.095843
0 0.390839 0.425144 0.055427 0.107454
0 0.355495 0.473954 0.048104 0.132630
0 0.423128 0.794778 0.052568 0.164722
0 0.712424 0.640866 0.054349 0.150472
0 0.785523 0.294755 0.051672 0.126713
0 0.395143 0.519935 0.054443 0.142130
