0 0.278620 0.400616 0.044635 0.092157
0 0.212602 0.311907 0.042057 0.134926
0 0.400867 0.578704 0.061797 0.129148
0 0.373195 0.784870 0.056380 0.153593
0 0.585437 0.257889 0.043312 0.097870
0 0.407820 0.110898 0.043568 0.117389
0 0.614919 0.157519 0.046078 0.100630
0 0.559023 0.249144 0.033068 0.104491
0 0.357862 0.310255 0.032526 0.101620
0 0.334068 0.370417 0.049833 0.096796
0 0.414786 0.410708 0.047323 0.111750
0 0.298594 0.391556 0.045687 0.098759
0 0.266318 0.456185 0.036667 0.110704
0 0.383247 0.301505 0.038276 0.099324
0 0.448065 0.416870 0.046589 0.139407
0 0.355411 0.386190 0.040562 0.109472
0 0.277458 0.414282 0.046229 0.090787
0 0.264154 0.480977 0.042557 0.127380
0 0.498424 0.790644 0.059443 0.164731
0 0.771143 0.581477 0.060964 0.150472
0 0.543529 0.366255 0.056005 0.126713
0 0.404305 0.652352 0.054443 0.135926
