0 0.245044 0.298977 0.032307 0.112639
0 0.237315 0.331324 0.037068 0.134926
0 0.255568 0.543685 0.059635 0.129148
0 0.150302 0.746898 0.056385 0.150352
0 0.401234 0.207181 0.047375 0.097880
0 0.418029 0.121528 0.043568 0.117389
0 0.625409 0.135838 0.040568 0.109935
0 0.570516 0.224120 0.042271 0.123463
0 0.359922 0.304009 0.034312 0.090759
0 0.355648 0.340755 0.038120 0.067972
0 0.362677 0.373583 0.038677 0.094685
0 0.334411 0.401356 0.041385 0.091991
0 0.304292 0.414440 0.051948 0.116176
0 0.440508 0.267282 0.052464 0.123917
0 0.524404 0.414185 0.041932 0.139407
0 0.412802 0.362065 0.056594 0.095852
0 0.387203 0.424694 0.059854 0.107463
0 0.355331 0.476968 0.050568 0.132639
0 0.437833 0.804880 0.052563 0.164722
0 0.713286 0.646995 0.054344 0.150472
0 0.788380 0.295801 0.051677 0.126713
0 0.402281 0.523778 0.054448 0.142130
