0 0.244573 0.301903 0.038396 0.125398
0 0.266354 0.336824 0.042052 0.134926
0 0.258794 0.540639 0.059630 0.129148
0 0.152750 0.740185 0.056385 0.150352
0 0.402518 0.211699 0.047380 0.097880
0 0.419133 0.123051 0.043568 0.108287
0 0.595956 0.133551 0.028318 0.107972
0 0.572117 0.231120 0.044109 0.109111
0 0.359763 0.305282 0.034307 0.081972
0 0.355648 0.342477 0.038120 0.064528
0 0.363638 0.375787 0.037286 0.090759
0 0.334411 0.403819 0.041385 0.087065
0 0.305813 0.414440 0.054990 0.116176
0 0.444495 0.267282 0.044490 0.123917
0 0.535508 0.408528 0.041932 0.139407
0 0.414435 0.365005 0.059849 0.095843
0 0.393206 0.425435 0.052536 0.107463
0 0.355602 0.471991 0.046495 0.132630
0 0.418680 0.793037 0.052568 0.164722
0 0.711862 0.636866 0.054349 0.150472
0 0.782198 0.294014 0.051677 0.126713
0 0.402680 0.529398 0.054443 0.142130
