0 0.362099 0.407954 0.044635 0.088981
0 0.205198 0.278981 0.047698 0.139963
0 0.558867 0.597769 0.054193 0.161093
0 0.473536 0.815199 0.054937 0.180565
0 0.634365 0.373921 0.047656 0.129917
0 0.424258 0.084769 0.043568 0.117389
0 0.540529 0.254449 0.045734 0.127843
0 0.438594 0.399903 0.058458 0.117398
0 0.480935 0.324750 0.040755 0.138981
0 0.364805 0.453514 0.045724 0.113306
0 0.572500 0.491491 0.046021 0.144296
0 0.264031 0.384421 0.054688 0.134972
0 0.331966 0.540204 0.051797 0.162000
0 0.473661 0.324139 0.036292 0.142833
0 0.568068 0.457500 0.046990 0.116741
0 0.318839 0.489329 0.047854 0.131769
0 0.211870 0.446296 0.052937 0.146111
0 0.377643 0.515963 0.048682 0.134759
0 0.445669 0.602963 0.044109 0.155315
0 0.594971 0.478384 0.039911 0.154213
0 0.394104 0.425796 0.038740 0.124000
0 0.422602 0.764662 0.048953 0.166028
