0 0.453846 0.522181 0.057370 0.089324
0 0.271388 0.259602 0.057193 0.192426
0 0.514258 0.591227 0.054651 0.205639
0 0.340706 0.769023 0.054682 0.221620
0 0.607805 0.363944 0.042484 0.177259
0 0.474982 0.249778 0.043568 0.176630
0 0.496091 0.336245 0.040880 0.178324
0 0.468076 0.446579 0.030151 0.089380
0 0.491180 0.358532 0.048703 0.166491
0 0.352253 0.493444 0.042807 0.200333
0 0.659448 0.392685 0.049490 0.185667
0 0.408245 0.505333 0.090187 0.108037
0 0.301727 0.522806 0.055599 0.195389
0 0.474589 0.450139 0.044198 0.089019
0 0.562068 0.460542 0.037875 0.181991
0 0.465818 0.520153 0.041094 0.184509
0 0.346375 0.468662 0.040104 0.179065
0 0.443695 0.437741 0.048682 0.078963
0 0.524695 0.501343 0.041766 0.158426
0 0.534096 0.423639 0.044016 0.155926
0 0.472115 0.443319 0.033281 0.117139
0 0.464810 0.560824 0.043568 0.191722
