0 0.244818 0.300319 0.032760 0.108083
0 0.239602 0.331301 0.042057 0.134917
0 0.255729 0.544074 0.059635 0.129148
0 0.149711 0.746773 0.056380 0.150361
0 0.400964 0.206231 0.047375 0.097870
0 0.418799 0.121528 0.043568 0.117389
0 0.630773 0.137912 0.040568 0.109935
0 0.569664 0.225222 0.041286 0.121426
0 0.359956 0.303736 0.034307 0.092602
0 0.355648 0.340389 0.038120 0.068704
0 0.362479 0.373116 0.038969 0.095509
0 0.334411 0.400838 0.041385 0.093028
0 0.303971 0.414440 0.051307 0.116176
0 0.439914 0.268079 0.053849 0.121139
0 0.523471 0.413981 0.041932 0.139407
0 0.412456 0.361449 0.055911 0.095843
0 0.385937 0.424546 0.061396 0.107463
0 0.355273 0.478019 0.051422 0.132630
0 0.442260 0.806000 0.052563 0.164722
0 0.713586 0.649130 0.054349 0.150463
0 0.786560 0.296046 0.051672 0.126704
0 0.397383 0.520458 0.054443 0.142120
