0 0.566768 0.428403 0.048339 0.270972
0 0.500609 0.383606 0.068240 0.190120
0 0.446771 0.563241 0.127083 0.131796
0 0.225940 0.101255 0.070161 0.202509
0 0.340096 0.629537 0.092078 0.349370
0 0.136555 0.808106 0.079411 0.340861
0 0.548187 0.191907 0.048344 0.242463
0 0.536695 0.117995 0.068682 0.235991
0 0.603872 0.211620 0.058193 0.229000
0 0.468076 0.446579 0.030151 0.089380
0 0.357990 0.302019 0.065396 0.296167
0 0.233031 0.471032 0.080198 0.347917
0 0.587609 0.298736 0.051906 0.214602
0 0.358117 0.456477 0.042932 0.227176
0 0.140932 0.493833 0.090958 0.337500
0 0.474589 0.450139 0.044198 0.089019
0 0.610630 0.456963 0.048229 0.299796
0 0.372659 0.516648 0.056922 0.325185
0 0.323141 0.471273 0.063125 0.291546
0 0.443695 0.437741 0.048682 0.078963
0 0.543443 0.608546 0.064552 0.312056
0 0.612427 0.424625 0.047823 0.273157
0 0.472115 0.443319 0.033281 0.117139
0 0.454690 0.546597 0.057807 0.324102
