0 0.332505 0.434884 0.044635 0.094491
0 0.196534 0.283514 0.042057 0.134917
0 0.483609 0.575620 0.055562 0.139500
0 0.414573 0.836745 0.056385 0.169843
0 0.659083 0.320713 0.047146 0.119500
0 0.404445 0.075148 0.043568 0.117389
0 0.582677 0.187329 0.046073 0.113731
0 0.524583 0.324019 0.041625 0.114444
0 0.406984 0.321782 0.039875 0.130972
0 0.355151 0.399491 0.047781 0.108833
0 0.478008 0.447222 0.037891 0.128537
0 0.236474 0.360991 0.037771 0.122759
0 0.306953 0.492519 0.036667 0.128519
0 0.433628 0.313861 0.036297 0.118593
0 0.508690 0.446519 0.046995 0.134185
0 0.343768 0.437824 0.040568 0.088519
0 0.191372 0.451056 0.066214 0.102204
0 0.330984 0.515565 0.042906 0.123167
0 0.453737 0.717185 0.051776 0.160019
0 0.616995 0.529060 0.053885 0.135787
0 0.442758 0.413657 0.048057 0.092685
0 0.375836 0.756148 0.052370 0.147019
