0 0.451680 0.533083 0.090922 0.090556
0 0.267219 0.232727 0.060052 0.203306
0 0.490422 0.604426 0.054333 0.226333
0 0.302258 0.786088 0.058943 0.240065
0 0.597180 0.343310 0.042484 0.187769
0 0.476557 0.229486 0.043562 0.176620
0 0.515771 0.322606 0.040885 0.188843
0 0.468076 0.446579 0.030151 0.089380
0 0.469924 0.353620 0.048703 0.187463
0 0.340839 0.489935 0.042813 0.215741
0 0.653146 0.382190 0.049490 0.205269
0 0.403521 0.499745 0.090188 0.113620
0 0.280471 0.514412 0.058745 0.212176
0 0.474589 0.450139 0.044198 0.089019
0 0.562862 0.457046 0.044161 0.202981
0 0.453068 0.525727 0.041094 0.199935
0 0.344797 0.458167 0.040104 0.179056
0 0.443695 0.437741 0.048682 0.078963
0 0.532172 0.518819 0.041760 0.194769
0 0.539216 0.411745 0.044016 0.155917
0 0.472115 0.443319 0.033281 0.117139
0 0.465138 0.556597 0.043568 0.210676
