0 0.241286 0.327884 0.049167 0.107787
0 0.238906 0.338889 0.042052 0.134926
0 0.298974 0.551852 0.070187 0.129148
0 0.186148 0.755509 0.062078 0.150352
0 0.437932 0.210634 0.047375 0.097880
0 0.423333 0.121528 0.043562 0.117389
0 0.671531 0.149116 0.040573 0.109935
0 0.564659 0.231708 0.035526 0.109546
0 0.360154 0.302153 0.034307 0.103472
0 0.355648 0.334593 0.038120 0.080296
0 0.378849 0.376130 0.040323 0.106630
0 0.324352 0.405843 0.045776 0.101685
0 0.282372 0.430773 0.050984 0.116176
0 0.398055 0.278037 0.053516 0.107500
0 0.502984 0.418093 0.043823 0.139407
0 0.380831 0.344542 0.048651 0.095843
0 0.365000 0.406343 0.061979 0.112870
0 0.299206 0.460958 0.045745 0.132639
0 0.453880 0.810769 0.052562 0.164722
0 0.794599 0.667722 0.054344 0.150463
0 0.743682 0.300986 0.055219 0.126713
0 0.419487 0.549935 0.054443 0.142130
