0 0.244706 0.300991 0.032984 0.105796
0 0.240266 0.331889 0.042052 0.134926
0 0.255810 0.544269 0.059630 0.129148
0 0.148810 0.745269 0.056380 0.150352
0 0.400828 0.205755 0.047375 0.097880
0 0.419185 0.121528 0.043568 0.117389
0 0.633456 0.138949 0.040568 0.109935
0 0.569240 0.225773 0.040802 0.120417
0 0.359971 0.303602 0.034307 0.093537
0 0.355648 0.340208 0.038120 0.069065
0 0.362375 0.372880 0.039115 0.095926
0 0.334411 0.400579 0.041385 0.093546
0 0.303812 0.414440 0.050990 0.116176
0 0.439823 0.269144 0.054302 0.117435
0 0.523008 0.413875 0.041932 0.139417
0 0.412284 0.361134 0.055568 0.095843
0 0.385307 0.424463 0.062167 0.107463
0 0.355245 0.478542 0.051854 0.132639
0 0.443247 0.806407 0.052568 0.164722
0 0.713734 0.650194 0.054344 0.150463
0 0.785648 0.296171 0.051672 0.126713
0 0.394932 0.518801 0.054448 0.142120
