0 0.566768 0.428403 0.048339 0.270972
0 0.504104 0.354019 0.073583 0.199611
0 0.437922 0.564486 0.137500 0.161213
0 0.297578 0.634722 0.110937 0.371741
0 0.095409 0.815491 0.086734 0.349204
0 0.530727 0.162315 0.056161 0.253407
0 0.623333 0.196759 0.070521 0.268444
0 0.468076 0.446579 0.030151 0.089380
0 0.322036 0.281190 0.066635 0.299806
0 0.205086 0.454231 0.085130 0.365444
0 0.566854 0.302491 0.057083 0.245167
0 0.353174 0.425468 0.046422 0.220972
0 0.107214 0.488639 0.091604 0.365148
0 0.474589 0.450139 0.044198 0.089019
0 0.621161 0.460130 0.052458 0.324574
0 0.352151 0.519542 0.061896 0.356139
0 0.311779 0.470644 0.060297 0.291546
0 0.443695 0.437741 0.048682 0.078963
0 0.544253 0.625551 0.068120 0.339157
0 0.618589 0.424625 0.047823 0.273157
0 0.472115 0.443319 0.033281 0.117139
0 0.452844 0.542588 0.061500 0.343824
