0 0.251453 0.339106 0.047521 0.100954
0 0.233917 0.339926 0.042052 0.134926
0 0.324266 0.559352 0.064375 0.129148
0 0.221346 0.761806 0.060995 0.150352
0 0.460865 0.215231 0.047375 0.097870
0 0.416227 0.121815 0.043568 0.117389
0 0.669271 0.150269 0.045094 0.109944
0 0.564232 0.232259 0.035036 0.108537
0 0.356279 0.305023 0.034307 0.103472
0 0.341357 0.345356 0.042807 0.086898
0 0.382401 0.383023 0.040323 0.106620
0 0.324190 0.411583 0.045776 0.101685
0 0.274943 0.436801 0.050990 0.116176
0 0.386508 0.285796 0.049797 0.107500
0 0.483766 0.416657 0.043823 0.139407
0 0.370656 0.350426 0.045417 0.101296
0 0.357331 0.399167 0.055359 0.112870
0 0.280633 0.464116 0.045745 0.132639
0 0.466560 0.816407 0.052568 0.164722
0 0.801732 0.653639 0.056995 0.150463
0 0.712674 0.309889 0.055536 0.126704
0 0.414482 0.554528 0.054443 0.142130
