0 0.353396 0.413625 0.044635 0.095102
0 0.193852 0.278745 0.049870 0.141898
0 0.538315 0.591472 0.055495 0.156148
0 0.460063 0.824713 0.056385 0.179574
0 0.643760 0.363292 0.050990 0.126843
0 0.413805 0.075111 0.043568 0.117389
0 0.555414 0.232542 0.046078 0.126824
0 0.467911 0.384796 0.060927 0.124407
0 0.460589 0.326287 0.040750 0.135148
0 0.363932 0.438458 0.045729 0.109972
0 0.542419 0.484676 0.044380 0.145333
0 0.242018 0.375574 0.047672 0.131593
0 0.325695 0.531620 0.047255 0.155389
0 0.468232 0.322352 0.036297 0.144704
0 0.553878 0.458125 0.046984 0.122287
0 0.316549 0.473704 0.046547 0.110944
0 0.193990 0.447199 0.057188 0.135528
0 0.363034 0.523407 0.047307 0.131593
0 0.443622 0.637111 0.044109 0.155315
0 0.583396 0.492278 0.040292 0.146333
0 0.398604 0.433157 0.040104 0.125722
0 0.404490 0.773500 0.050302 0.164315
