0 0.519656 0.424056 0.034885 0.128185
0 0.453208 0.540866 0.095177 0.091435
0 0.263328 0.204222 0.063667 0.214944
0 0.471581 0.611894 0.061995 0.246028
0 0.278901 0.800458 0.063208 0.261065
0 0.593820 0.323736 0.042484 0.207269
0 0.486138 0.215694 0.048172 0.203907
0 0.536060 0.305398 0.040880 0.190352
0 0.468076 0.446579 0.030151 0.089380
0 0.456768 0.340255 0.051328 0.192454
0 0.328599 0.489435 0.050333 0.236185
0 0.648875 0.376880 0.056229 0.232056
0 0.392922 0.497120 0.085396 0.138741
0 0.260156 0.511995 0.065000 0.238898
0 0.474589 0.450139 0.044198 0.089019
0 0.571560 0.457880 0.045057 0.223981
0 0.443750 0.523856 0.041094 0.212806
0 0.346286 0.460315 0.040104 0.209463
0 0.443695 0.437741 0.048682 0.078963
0 0.536990 0.532648 0.045885 0.217296
0 0.549143 0.402412 0.044016 0.155917
0 0.472115 0.443319 0.033281 0.117139
0 0.465372 0.553579 0.043568 0.224213
