0 0.393779 0.418523 0.042557 0.116102
0 0.225617 0.269968 0.044224 0.136861
0 0.575779 0.584898 0.061776 0.184463
0 0.489536 0.797412 0.049167 0.174806
0 0.634922 0.376681 0.034323 0.142250
0 0.446997 0.108218 0.043568 0.117380
0 0.512557 0.284782 0.044365 0.131917
0 0.388414 0.404194 0.030151 0.089389
0 0.500487 0.316255 0.040766 0.154343
0 0.365125 0.481519 0.045729 0.145296
0 0.613229 0.486009 0.052604 0.140167
0 0.322365 0.398417 0.065792 0.133315
0 0.340081 0.544329 0.051818 0.173009
0 0.461839 0.326583 0.036292 0.128315
0 0.582737 0.460250 0.046984 0.116741
0 0.341807 0.502019 0.042844 0.140704
0 0.254393 0.431347 0.052932 0.170787
0 0.417529 0.492519 0.048682 0.134759
0 0.461102 0.541231 0.044109 0.155315
0 0.635690 0.464296 0.049557 0.142519
0 0.411641 0.409208 0.033281 0.117139
0 0.447690 0.715245 0.043547 0.172880
