0 0.244307 0.303343 0.033781 0.097815
0 0.242583 0.333949 0.042052 0.134917
0 0.256091 0.544954 0.059630 0.129148
0 0.151076 0.752528 0.056380 0.150352
0 0.401641 0.204421 0.047375 0.097880
0 0.420536 0.121528 0.043562 0.117389
0 0.643224 0.142782 0.040573 0.109935
0 0.567747 0.227708 0.039078 0.116880
0 0.360031 0.303130 0.034312 0.096759
0 0.355648 0.339574 0.038120 0.070333
0 0.362021 0.372065 0.039625 0.097370
0 0.334411 0.399676 0.041385 0.095352
0 0.303253 0.414440 0.049870 0.116176
0 0.439576 0.272782 0.055693 0.105454
0 0.521372 0.413514 0.041932 0.139417
0 0.411685 0.360051 0.054370 0.095843
0 0.383096 0.424194 0.064859 0.107463
0 0.355146 0.480375 0.053354 0.132639
0 0.446711 0.807833 0.052568 0.164722
0 0.716409 0.655838 0.054349 0.150472
0 0.782466 0.296606 0.051672 0.126713
0 0.387409 0.513875 0.054443 0.142120
