0 0.551206 0.416167 0.041714 0.184778
0 0.456268 0.556440 0.103693 0.093176
0 0.251227 0.139389 0.074995 0.246556
0 0.417164 0.620954 0.087484 0.300130
0 0.216971 0.812199 0.071734 0.303065
0 0.579151 0.264921 0.042479 0.234250
0 0.509357 0.171412 0.060516 0.250491
0 0.573078 0.258606 0.044104 0.193972
0 0.468076 0.446579 0.030151 0.089380
0 0.418935 0.319810 0.058943 0.234639
0 0.289208 0.487111 0.067562 0.292037
0 0.627557 0.341065 0.059010 0.237500
0 0.371552 0.488523 0.063042 0.197880
0 0.207031 0.505199 0.080417 0.291935
0 0.474589 0.450139 0.044198 0.089019
0 0.591755 0.457764 0.045062 0.263065
0 0.414716 0.517704 0.045932 0.258074
0 0.341974 0.468176 0.050167 0.269667
0 0.443695 0.437741 0.048682 0.078963
0 0.542701 0.568102 0.055995 0.262667
0 0.580888 0.404426 0.045536 0.202815
0 0.472115 0.443319 0.033281 0.117139
0 0.461823 0.549815 0.048156 0.268000
