0 0.370021 0.410597 0.044115 0.095769
0 0.210305 0.276731 0.046828 0.139185
0 0.562432 0.590051 0.054198 0.159472
0 0.477536 0.810750 0.053500 0.179130
0 0.634505 0.374611 0.044323 0.133000
0 0.429943 0.090630 0.043562 0.117389
0 0.533536 0.262032 0.045396 0.128861
0 0.426049 0.400977 0.051380 0.110398
0 0.485820 0.322625 0.040755 0.142824
0 0.364885 0.460514 0.045729 0.121306
0 0.582682 0.490120 0.047667 0.143259
0 0.278615 0.387921 0.057469 0.134546
0 0.333995 0.541236 0.051802 0.164750
0 0.470706 0.324750 0.036297 0.139204
0 0.571734 0.458185 0.046990 0.116741
0 0.324583 0.492500 0.046604 0.134000
0 0.222500 0.442556 0.052937 0.152278
0 0.387617 0.510102 0.048682 0.134759
0 0.449529 0.587532 0.044109 0.155324
0 0.605151 0.474856 0.042323 0.151287
0 0.398490 0.421648 0.037375 0.122278
0 0.428875 0.752306 0.047604 0.167741
