0 0.273260 0.383954 0.044635 0.104870
0 0.219979 0.327681 0.042052 0.134917
0 0.384018 0.584389 0.054193 0.129148
0 0.335745 0.782273 0.057469 0.150361
0 0.539820 0.240931 0.044526 0.097880
0 0.406620 0.116954 0.043562 0.117389
0 0.638612 0.157417 0.047818 0.103426
0 0.562846 0.234051 0.033443 0.105250
0 0.349839 0.309977 0.033062 0.102176
0 0.326521 0.365662 0.049833 0.096806
0 0.397914 0.408921 0.045224 0.110213
0 0.321208 0.414944 0.051260 0.112185
0 0.260229 0.453690 0.040958 0.112343
0 0.375750 0.299324 0.041448 0.103685
0 0.439885 0.415227 0.043823 0.139417
0 0.353654 0.367653 0.040568 0.109472
0 0.317266 0.397657 0.050781 0.112870
0 0.251107 0.477347 0.045745 0.132639
0 0.505492 0.821741 0.057380 0.164722
0 0.809372 0.613833 0.060964 0.150463
0 0.603086 0.344940 0.056005 0.126713
0 0.408831 0.608731 0.054443 0.142130
