0 0.244620 0.301495 0.033156 0.104083
0 0.240760 0.332329 0.042052 0.134917
0 0.255870 0.544417 0.059635 0.129148
0 0.148133 0.744139 0.056380 0.150352
0 0.400727 0.205398 0.047380 0.097870
0 0.419474 0.121528 0.043562 0.117389
0 0.635466 0.139727 0.040568 0.109935
0 0.568919 0.226190 0.040432 0.119657
0 0.359987 0.303500 0.034307 0.094222
0 0.355648 0.340074 0.038120 0.069333
0 0.362299 0.372708 0.039224 0.096231
0 0.334411 0.400384 0.041385 0.093935
0 0.303693 0.414440 0.050750 0.116176
0 0.439753 0.269940 0.054641 0.114657
0 0.522654 0.413796 0.041932 0.139407
0 0.412156 0.360903 0.055313 0.095843
0 0.384833 0.424407 0.062740 0.107463
0 0.355224 0.478935 0.052177 0.132630
0 0.443990 0.806713 0.052562 0.164722
0 0.713846 0.650995 0.054349 0.150472
0 0.784966 0.296264 0.051672 0.126713
0 0.393096 0.517556 0.054443 0.142130
