0 0.349917 0.415889 0.044635 0.097556
0 0.189690 0.277088 0.050734 0.142676
0 0.529581 0.592181 0.056141 0.153269
0 0.453745 0.828088 0.056385 0.177954
0 0.650120 0.356667 0.050990 0.126833
0 0.410625 0.072574 0.043562 0.117389
0 0.560677 0.222991 0.046073 0.126833
0 0.479091 0.375444 0.057859 0.124407
0 0.450281 0.325898 0.040750 0.135148
0 0.363404 0.433088 0.045724 0.113083
0 0.529154 0.479218 0.044380 0.145324
0 0.237062 0.372005 0.044844 0.129065
0 0.322865 0.526588 0.044229 0.152806
0 0.462641 0.321569 0.036292 0.143528
0 0.546862 0.459000 0.046984 0.125981
0 0.318852 0.465398 0.044839 0.098556
0 0.189156 0.445306 0.060021 0.132593
0 0.359940 0.524463 0.046391 0.129481
0 0.444826 0.649583 0.044109 0.155315
0 0.582466 0.499190 0.042151 0.139120
0 0.404521 0.435301 0.040104 0.125713
0 0.396599 0.771167 0.050302 0.164315
