0 0.244846 0.298690 0.032703 0.115361
0 0.235359 0.331639 0.032083 0.134926
0 0.255445 0.543389 0.059630 0.129148
0 0.150313 0.746102 0.056385 0.150352
0 0.401438 0.207894 0.047375 0.097880
0 0.417451 0.121528 0.043568 0.117389
0 0.620945 0.134542 0.040568 0.109935
0 0.571156 0.223292 0.043010 0.124972
0 0.359898 0.304208 0.034307 0.089361
0 0.355648 0.341023 0.038120 0.067435
0 0.362831 0.373931 0.038453 0.094065
0 0.334411 0.401745 0.041385 0.091213
0 0.304531 0.414440 0.052427 0.116176
0 0.441138 0.267282 0.051203 0.123917
0 0.525107 0.414343 0.041932 0.139407
0 0.413060 0.362532 0.057109 0.095843
0 0.388151 0.424815 0.058698 0.107463
0 0.355372 0.476185 0.049922 0.132630
0 0.433414 0.803898 0.052568 0.164722
0 0.713060 0.645394 0.054349 0.150472
0 0.789294 0.295593 0.051672 0.126704
0 0.404680 0.525259 0.054443 0.142130
