0 0.244534 0.302000 0.033328 0.102370
0 0.241258 0.332769 0.042057 0.134926
0 0.255930 0.544565 0.059630 0.129148
0 0.149049 0.746731 0.056380 0.150352
0 0.400625 0.205042 0.047375 0.097880
0 0.419763 0.121528 0.043568 0.117389
0 0.637479 0.140505 0.040573 0.109935
0 0.568599 0.226602 0.040063 0.118907
0 0.359997 0.303403 0.034307 0.094917
0 0.355648 0.339935 0.038120 0.069611
0 0.362224 0.372532 0.039333 0.096546
0 0.334411 0.400194 0.041385 0.094315
0 0.303573 0.414440 0.050510 0.116176
0 0.439682 0.270736 0.054979 0.111880
0 0.522305 0.413722 0.041932 0.139407
0 0.412029 0.360671 0.055057 0.095843
0 0.384359 0.424352 0.063323 0.107463
0 0.355203 0.479329 0.052500 0.132639
0 0.444732 0.807019 0.052568 0.164722
0 0.713961 0.651796 0.054349 0.150463
0 0.784284 0.296356 0.051672 0.126713
0 0.391258 0.516315 0.054443 0.142130
