0 0.245102 0.298639 0.032193 0.113778
0 0.236661 0.331431 0.035406 0.134917
0 0.255526 0.543583 0.059635 0.129148
0 0.150268 0.746491 0.056380 0.150352
0 0.401302 0.207421 0.047375 0.097880
0 0.417836 0.121528 0.043568 0.117389
0 0.624065 0.135319 0.040568 0.109935
0 0.570732 0.223843 0.042516 0.123963
0 0.359914 0.304074 0.034307 0.090296
0 0.355648 0.340843 0.038120 0.067796
0 0.362729 0.373694 0.038604 0.094481
0 0.334411 0.401486 0.041385 0.091731
0 0.304372 0.414440 0.052109 0.116176
0 0.440719 0.267282 0.052042 0.123917
0 0.524638 0.414241 0.041932 0.139407
0 0.412888 0.362218 0.056766 0.095843
0 0.387521 0.424741 0.059469 0.107463
0 0.355344 0.476708 0.050354 0.132639
0 0.436359 0.804556 0.052562 0.164722
0 0.713211 0.646463 0.054349 0.150463
0 0.788833 0.295736 0.051677 0.126713
0 0.403508 0.524606 0.054443 0.142120
