0 0.523185 0.421380 0.035286 0.128037
0 0.453516 0.542426 0.096031 0.091611
0 0.263284 0.198861 0.065651 0.220370
0 0.467268 0.612801 0.065901 0.251435
0 0.274607 0.802722 0.064057 0.265259
0 0.593362 0.319583 0.042484 0.211759
0 0.488477 0.212972 0.049318 0.210722
0 0.540430 0.301579 0.040880 0.190343
0 0.468076 0.446579 0.030151 0.089380
0 0.454240 0.337088 0.051979 0.192954
0 0.325948 0.489435 0.052208 0.240741
0 0.648029 0.375926 0.057911 0.238056
0 0.390440 0.496662 0.084193 0.144824
0 0.255836 0.511694 0.066453 0.244981
0 0.474589 0.450139 0.044198 0.089019
0 0.573706 0.458213 0.045057 0.228481
0 0.441875 0.523190 0.041094 0.215472
0 0.346714 0.461231 0.040104 0.217074
0 0.443695 0.437741 0.048682 0.078963
0 0.537927 0.535481 0.046917 0.221630
0 0.551445 0.400505 0.044016 0.155917
0 0.472115 0.443319 0.033281 0.117139
0 0.465419 0.552977 0.043568 0.226917
