0 0.248909 0.336301 0.047932 0.102657
0 0.235161 0.339667 0.042052 0.134926
0 0.317945 0.557472 0.065828 0.129148
0 0.212549 0.760231 0.061266 0.150352
0 0.455130 0.214083 0.047375 0.097870
0 0.418003 0.121741 0.043568 0.117389
0 0.669836 0.149981 0.043964 0.109944
0 0.564339 0.232120 0.035156 0.108778
0 0.357247 0.304310 0.034307 0.103472
0 0.344930 0.342671 0.041630 0.085250
0 0.381516 0.381301 0.040323 0.106620
0 0.324232 0.410148 0.045776 0.101685
0 0.276799 0.435292 0.050984 0.116176
0 0.389396 0.283852 0.050729 0.107500
0 0.488570 0.417019 0.043828 0.139407
0 0.373201 0.348954 0.046224 0.099926
0 0.359247 0.400963 0.057016 0.112870
0 0.285276 0.463324 0.045740 0.132630
0 0.463391 0.815000 0.052562 0.164722
0 0.799951 0.657157 0.056328 0.150463
0 0.720427 0.307662 0.055458 0.126713
0 0.415732 0.553380 0.054443 0.142130
