0 0.566768 0.428403 0.048339 0.270972
0 0.502357 0.368810 0.070911 0.194861
0 0.443299 0.563949 0.134026 0.144491
0 0.318839 0.632130 0.101510 0.360556
0 0.117029 0.810269 0.082422 0.346444
0 0.539458 0.177111 0.052250 0.247926
0 0.613602 0.204185 0.064359 0.248722
0 0.468076 0.446579 0.030151 0.089380
0 0.340013 0.291606 0.066016 0.297991
0 0.219057 0.462630 0.082667 0.356685
0 0.577232 0.300616 0.054495 0.229880
0 0.355646 0.440972 0.044677 0.224074
0 0.124073 0.491236 0.091281 0.351324
0 0.474589 0.450139 0.044198 0.089019
0 0.615896 0.458546 0.050344 0.312185
0 0.362406 0.518093 0.059406 0.340667
0 0.317458 0.470958 0.061708 0.291546
0 0.443695 0.437741 0.048682 0.078963
0 0.543849 0.617051 0.066333 0.325602
0 0.615505 0.424625 0.047823 0.273157
0 0.472115 0.443319 0.033281 0.117139
0 0.453768 0.544593 0.059651 0.333963
