0 0.276609 0.394370 0.044635 0.096926
0 0.215367 0.317819 0.042057 0.134917
0 0.394318 0.583806 0.059406 0.129148
0 0.366445 0.786769 0.056380 0.151167
0 0.569526 0.252551 0.043312 0.097880
0 0.407372 0.113167 0.043568 0.117389
0 0.622122 0.158852 0.046078 0.100630
0 0.561125 0.240338 0.033073 0.104491
0 0.352888 0.310255 0.032526 0.101620
0 0.331240 0.368634 0.049833 0.096806
0 0.407281 0.413644 0.047323 0.111750
0 0.311458 0.404241 0.050437 0.109519
0 0.261745 0.456708 0.036667 0.110694
0 0.380435 0.300685 0.039464 0.100963
0 0.439284 0.416069 0.044932 0.139417
0 0.353909 0.377231 0.040568 0.109463
0 0.294000 0.406694 0.050333 0.104037
0 0.255896 0.480981 0.044469 0.130537
0 0.507786 0.808500 0.059448 0.164722
0 0.793294 0.596088 0.060964 0.150472
0 0.563042 0.359046 0.056010 0.126704
0 0.407497 0.638347 0.054443 0.139639
