0 0.553799 0.418204 0.042818 0.199148
0 0.456576 0.557995 0.104547 0.093361
0 0.248268 0.131218 0.074859 0.246324
0 0.409089 0.621861 0.086875 0.305537
0 0.207930 0.811745 0.072589 0.307269
0 0.576172 0.256449 0.042479 0.234250
0 0.511654 0.164426 0.061880 0.251907
0 0.575779 0.252634 0.044911 0.194880
0 0.468076 0.446579 0.030151 0.089380
0 0.413271 0.319449 0.059865 0.244435
0 0.283339 0.486532 0.069052 0.299157
0 0.623492 0.333542 0.057182 0.229861
0 0.369930 0.487056 0.059255 0.203537
0 0.200229 0.503954 0.082094 0.296074
0 0.474589 0.450139 0.044198 0.089019
0 0.593583 0.457236 0.045062 0.266083
0 0.410271 0.517167 0.047146 0.265389
0 0.340255 0.468769 0.052677 0.273315
0 0.443695 0.437741 0.048682 0.078963
0 0.542721 0.572718 0.056974 0.267509
0 0.585375 0.407796 0.045917 0.214537
0 0.472115 0.443319 0.033281 0.117139
0 0.460865 0.549778 0.049302 0.274889
