0 0.459552 0.500926 0.044635 0.088981
0 0.270906 0.252528 0.053917 0.180000
0 0.537240 0.571861 0.061260 0.206796
0 0.379539 0.742144 0.051276 0.209935
0 0.611534 0.353093 0.038286 0.174259
0 0.475930 0.220833 0.043568 0.158000
0 0.483143 0.315639 0.040880 0.158574
0 0.468076 0.446579 0.030151 0.089380
0 0.505628 0.333894 0.048703 0.156806
0 0.355862 0.480477 0.042807 0.182880
0 0.662635 0.375208 0.051573 0.165213
0 0.412385 0.474995 0.087396 0.092157
0 0.316523 0.506296 0.054703 0.186222
0 0.474589 0.450139 0.044198 0.089019
0 0.559844 0.433329 0.041469 0.161750
0 0.464927 0.485366 0.041094 0.143491
0 0.345612 0.439106 0.045349 0.169731
0 0.443695 0.437741 0.048682 0.078963
0 0.513112 0.463352 0.041766 0.145611
0 0.538216 0.402231 0.044016 0.141037
0 0.472115 0.443319 0.033281 0.117139
0 0.464716 0.549620 0.043568 0.171407
