0 0.243081 0.306648 0.036234 0.097185
0 0.243906 0.335125 0.042052 0.134917
0 0.256253 0.545343 0.059630 0.129148
0 0.150195 0.750495 0.056380 0.150361
0 0.411654 0.206139 0.047380 0.097870
0 0.421307 0.121528 0.043562 0.117389
0 0.651622 0.146514 0.040568 0.109935
0 0.566893 0.228810 0.038099 0.114861
0 0.360065 0.302861 0.034307 0.098611
0 0.355648 0.339213 0.038120 0.071056
0 0.361820 0.371602 0.039922 0.098204
0 0.334411 0.399157 0.041385 0.096389
0 0.302932 0.414440 0.049229 0.116176
0 0.439987 0.274231 0.055089 0.106019
0 0.520440 0.413306 0.041932 0.139407
0 0.411341 0.359435 0.053682 0.095852
0 0.381831 0.424037 0.066401 0.107463
0 0.355091 0.481426 0.054214 0.132630
0 0.448688 0.808639 0.052563 0.164722
0 0.733906 0.673259 0.054344 0.150463
0 0.780646 0.296856 0.051677 0.126713
0 0.390909 0.517606 0.054443 0.142120
