0 0.242945 0.300125 0.036495 0.122046
0 0.245435 0.333199 0.042057 0.134917
0 0.255615 0.542241 0.059635 0.129148
0 0.148581 0.746213 0.056380 0.150352
0 0.402112 0.210273 0.047380 0.097880
0 0.417799 0.122255 0.043568 0.113046
0 0.605365 0.129153 0.033667 0.109935
0 0.572117 0.226389 0.044109 0.118574
0 0.359812 0.304884 0.034312 0.084750
0 0.355648 0.341931 0.038120 0.065620
0 0.363336 0.375093 0.037724 0.092000
0 0.334411 0.403042 0.041385 0.088620
0 0.305331 0.414440 0.054026 0.116176
0 0.443237 0.267282 0.047005 0.123917
0 0.530628 0.411685 0.041932 0.139407
0 0.413917 0.364079 0.058823 0.095843
0 0.391310 0.425204 0.054849 0.107463
0 0.355516 0.473560 0.047781 0.132639
0 0.422076 0.793787 0.052568 0.164722
0 0.712310 0.640065 0.054349 0.150463
0 0.784859 0.294606 0.051677 0.126713
0 0.394701 0.520528 0.054443 0.142130
