0 0.245036 0.298546 0.032323 0.114685
0 0.236010 0.331532 0.033750 0.134917
0 0.255487 0.543486 0.059630 0.129157
0 0.150232 0.746093 0.056380 0.150352
0 0.401370 0.207657 0.047375 0.097870
0 0.417643 0.121528 0.043568 0.117389
0 0.622724 0.134801 0.040573 0.109935
0 0.570943 0.223569 0.042760 0.124472
0 0.359904 0.304139 0.034307 0.089833
0 0.355648 0.340935 0.038120 0.067611
0 0.362781 0.373810 0.038531 0.094269
0 0.334411 0.401616 0.041385 0.091472
0 0.304453 0.414440 0.052271 0.116176
0 0.440930 0.267282 0.051620 0.123917
0 0.524872 0.414292 0.041932 0.139417
0 0.412974 0.362375 0.056938 0.095843
0 0.387833 0.424778 0.059083 0.107463
0 0.355357 0.476444 0.050141 0.132630
0 0.434888 0.804222 0.052568 0.164722
0 0.713135 0.645931 0.054344 0.150472
0 0.789289 0.295671 0.051672 0.126713
0 0.404732 0.525435 0.054443 0.142130
