0 0.249732 0.304023 0.038391 0.125398
0 0.273328 0.338032 0.042052 0.134917
0 0.259854 0.540111 0.059635 0.129148
0 0.154617 0.738528 0.056380 0.150352
0 0.402654 0.212176 0.047380 0.097870
0 0.419576 0.123315 0.043568 0.106704
0 0.593383 0.135838 0.028318 0.106028
0 0.572117 0.232699 0.044109 0.105954
0 0.359747 0.305421 0.034307 0.081046
0 0.355648 0.342657 0.038120 0.064167
0 0.363742 0.376023 0.037141 0.090343
0 0.334411 0.404074 0.041385 0.086556
0 0.305971 0.414440 0.055307 0.116176
0 0.444914 0.267282 0.043651 0.123917
0 0.537133 0.407481 0.041932 0.139407
0 0.414607 0.365310 0.060193 0.095843
0 0.393839 0.425509 0.051771 0.107463
0 0.355628 0.471463 0.046068 0.132630
0 0.417549 0.792778 0.052568 0.164722
0 0.711711 0.635796 0.054349 0.150463
0 0.781310 0.293819 0.051672 0.126713
0 0.408003 0.534130 0.054443 0.142130
