0 0.366063 0.409278 0.044375 0.092370
0 0.207750 0.277861 0.047260 0.139574
0 0.560651 0.593907 0.054198 0.160278
0 0.475536 0.812972 0.054219 0.179852
0 0.634432 0.374269 0.045990 0.131463
0 0.427099 0.087704 0.043562 0.117389
0 0.537031 0.258241 0.045562 0.128352
0 0.432323 0.400440 0.054917 0.113898
0 0.483378 0.323685 0.040755 0.140907
0 0.364844 0.457014 0.045729 0.117306
0 0.577591 0.490806 0.046849 0.143778
0 0.271320 0.386167 0.056078 0.134759
0 0.332982 0.540718 0.051797 0.163380
0 0.472185 0.324444 0.036297 0.141019
0 0.569901 0.457843 0.046990 0.116741
0 0.321708 0.490917 0.047229 0.132889
0 0.217188 0.444421 0.052937 0.149194
0 0.382630 0.513032 0.048677 0.134769
0 0.447599 0.595250 0.044115 0.155315
0 0.600060 0.476620 0.041120 0.152759
0 0.396299 0.423722 0.038057 0.123148
0 0.425737 0.758481 0.048276 0.166889
