0 0.451372 0.531523 0.090068 0.090380
0 0.267815 0.236569 0.059641 0.201750
0 0.493828 0.602542 0.054375 0.223380
0 0.308445 0.780745 0.058089 0.235861
0 0.598695 0.346259 0.042484 0.186278
0 0.476333 0.232384 0.043562 0.176620
0 0.512961 0.324560 0.040880 0.187343
0 0.468076 0.446579 0.030151 0.089380
0 0.472961 0.354324 0.048703 0.184463
0 0.342469 0.490435 0.042812 0.213537
0 0.654047 0.383690 0.049490 0.202472
0 0.404195 0.500546 0.090193 0.112815
0 0.283508 0.515611 0.058297 0.209778
0 0.474589 0.450139 0.044198 0.089019
0 0.562747 0.457546 0.043266 0.199981
0 0.454885 0.524931 0.041094 0.197731
0 0.345026 0.459662 0.040104 0.179065
0 0.443695 0.437741 0.048682 0.078963
0 0.531104 0.516319 0.041760 0.189583
0 0.538482 0.413444 0.044016 0.155926
0 0.472115 0.443319 0.033281 0.117139
0 0.465091 0.557204 0.043568 0.207963
