0 0.244276 0.299120 0.033844 0.117370
0 0.233401 0.331958 0.027104 0.134917
0 0.255326 0.543093 0.059630 0.129148
0 0.150888 0.747407 0.056380 0.150352
0 0.401641 0.208606 0.047375 0.097880
0 0.416870 0.121528 0.043562 0.117389
0 0.614292 0.134542 0.040573 0.109935
0 0.571797 0.222468 0.043740 0.126491
0 0.359872 0.304407 0.034307 0.087981
0 0.355648 0.341296 0.038120 0.066889
0 0.362984 0.374278 0.038240 0.093444
0 0.334411 0.402134 0.041385 0.090435
0 0.304771 0.414440 0.052906 0.116176
0 0.441768 0.267282 0.049943 0.123917
0 0.525805 0.414500 0.041932 0.139407
0 0.413318 0.362995 0.057625 0.095843
0 0.389099 0.424931 0.057542 0.107454
0 0.355417 0.475398 0.049281 0.132630
0 0.428992 0.802917 0.052568 0.164722
0 0.712836 0.643796 0.054349 0.150463
0 0.787964 0.295301 0.051677 0.126713
0 0.400685 0.521713 0.054443 0.142130
