0 0.242719 0.307472 0.036958 0.097926
0 0.244073 0.335273 0.042052 0.134917
0 0.256273 0.545389 0.059630 0.129148
0 0.150086 0.750241 0.056380 0.150352
0 0.412904 0.206352 0.047380 0.097870
0 0.421404 0.121528 0.043568 0.117389
0 0.652672 0.146977 0.040573 0.109935
0 0.566789 0.228949 0.037974 0.114602
0 0.360070 0.302829 0.034307 0.098843
0 0.355648 0.339167 0.038120 0.071148
0 0.361794 0.371546 0.039953 0.098296
0 0.334411 0.399093 0.041385 0.096519
0 0.302893 0.414440 0.049151 0.116176
0 0.440039 0.274417 0.055016 0.106093
0 0.520320 0.413278 0.041932 0.139407
0 0.411297 0.359356 0.053604 0.095843
0 0.381672 0.424019 0.066594 0.107463
0 0.355083 0.481556 0.054323 0.132630
0 0.448935 0.808741 0.052568 0.164722
0 0.736094 0.675435 0.054344 0.150463
0 0.780419 0.296884 0.051672 0.126713
0 0.391346 0.518074 0.054443 0.142130
