0 0.244253 0.303681 0.033891 0.096676
0 0.242911 0.334241 0.042052 0.134926
0 0.256130 0.545051 0.059635 0.129157
0 0.150854 0.752019 0.056385 0.150352
0 0.404143 0.204852 0.047380 0.097870
0 0.420729 0.121528 0.043562 0.117389
0 0.645326 0.143718 0.040568 0.109935
0 0.567534 0.227981 0.038839 0.116370
0 0.360039 0.303060 0.034307 0.097231
0 0.355648 0.339481 0.038120 0.070519
0 0.361971 0.371954 0.039703 0.097574
0 0.334411 0.399546 0.041385 0.095611
0 0.303172 0.414440 0.049708 0.116176
0 0.439677 0.273144 0.055542 0.105602
0 0.521138 0.413463 0.041932 0.139407
0 0.411599 0.359898 0.054198 0.095852
0 0.382779 0.424157 0.065245 0.107463
0 0.355133 0.480639 0.053568 0.132630
0 0.447206 0.808032 0.052568 0.164731
0 0.720784 0.660194 0.054349 0.150463
0 0.782010 0.296671 0.051677 0.126713
0 0.388284 0.514810 0.054443 0.142120
