0 0.452818 0.447954 0.044635 0.088981
0 0.251109 0.257343 0.046146 0.150463
0 0.572081 0.564866 0.054193 0.176824
0 0.462956 0.757023 0.048026 0.187861
0 0.618091 0.361583 0.033745 0.141185
0 0.470172 0.167176 0.043562 0.145574
0 0.479708 0.284574 0.044948 0.139667
0 0.447143 0.440375 0.030151 0.089380
0 0.516151 0.312921 0.048698 0.154343
0 0.359583 0.499074 0.035833 0.146296
0 0.674755 0.417106 0.056740 0.154769
0 0.420497 0.426060 0.064901 0.075935
0 0.334562 0.518745 0.049771 0.173009
0 0.476042 0.382954 0.044198 0.108667
0 0.578427 0.458731 0.051167 0.115593
0 0.400685 0.519569 0.051286 0.151083
0 0.313112 0.430847 0.048849 0.148009
0 0.443695 0.437741 0.048682 0.078963
0 0.482107 0.465120 0.042932 0.128519
0 0.600818 0.409213 0.048385 0.121296
0 0.444203 0.439190 0.033281 0.117139
0 0.464424 0.619657 0.043557 0.167167
