0 0.244393 0.302838 0.033609 0.099528
0 0.242083 0.333505 0.042052 0.134917
0 0.256031 0.544806 0.059635 0.129148
0 0.150576 0.751056 0.056380 0.150352
0 0.400458 0.204449 0.047375 0.097880
0 0.420247 0.121528 0.043568 0.117389
0 0.640833 0.141801 0.040573 0.109935
0 0.568068 0.227292 0.039448 0.117639
0 0.360018 0.303231 0.034307 0.096074
0 0.355648 0.339708 0.038120 0.070065
0 0.362099 0.372245 0.039521 0.097065
0 0.334411 0.399870 0.041385 0.094963
0 0.303372 0.414440 0.050109 0.116176
0 0.439568 0.272065 0.055542 0.107241
0 0.521721 0.413593 0.041932 0.139407
0 0.411813 0.360282 0.054625 0.095843
0 0.383568 0.424250 0.064281 0.107463
0 0.355167 0.479981 0.053031 0.132630
0 0.445969 0.807528 0.052563 0.164722
0 0.714148 0.653130 0.054349 0.150463
0 0.783148 0.296514 0.051672 0.126713
0 0.388195 0.514241 0.054443 0.142130
