0 0.269245 0.358750 0.044635 0.088981
0 0.225510 0.339509 0.042052 0.134926
0 0.368529 0.572477 0.054193 0.129157
0 0.282945 0.772824 0.059099 0.150352
0 0.501625 0.224810 0.046969 0.097880
0 0.405719 0.121491 0.043562 0.117389
0 0.661987 0.152764 0.051297 0.109009
0 0.563484 0.233222 0.034177 0.106759
0 0.350372 0.309421 0.034130 0.103287
0 0.320859 0.362097 0.049833 0.096806
0 0.389185 0.395579 0.041026 0.107139
0 0.323560 0.419444 0.046557 0.103185
0 0.263292 0.446963 0.049552 0.115630
0 0.370128 0.297690 0.043828 0.106954
0 0.452792 0.414606 0.043823 0.139417
0 0.355143 0.360449 0.040568 0.109472
0 0.341745 0.389722 0.046198 0.112870
0 0.252539 0.470065 0.045745 0.132630
0 0.488419 0.824412 0.053255 0.164731
0 0.811997 0.629843 0.060964 0.150463
0 0.657151 0.326338 0.056010 0.126713
0 0.407237 0.568176 0.054443 0.142130
