0 0.244370 0.299051 0.033656 0.117028
0 0.233727 0.331903 0.027932 0.134917
0 0.255346 0.543148 0.059630 0.129148
0 0.150792 0.747194 0.056385 0.150352
0 0.401607 0.208491 0.047380 0.097870
0 0.416966 0.121528 0.043568 0.117389
0 0.615401 0.134542 0.040573 0.109935
0 0.571690 0.222602 0.043620 0.126241
0 0.359878 0.304375 0.034307 0.088213
0 0.355648 0.341250 0.038120 0.066981
0 0.362956 0.374218 0.038276 0.093546
0 0.334411 0.402069 0.041385 0.090565
0 0.304732 0.414440 0.052828 0.116176
0 0.441664 0.267282 0.050151 0.123917
0 0.525690 0.414472 0.041932 0.139407
0 0.413273 0.362912 0.057536 0.095843
0 0.388940 0.424907 0.057734 0.107463
0 0.355409 0.475528 0.049391 0.132630
0 0.429729 0.803083 0.052562 0.164722
0 0.712872 0.644060 0.054349 0.150472
0 0.788185 0.295347 0.051672 0.126713
0 0.401352 0.522306 0.054443 0.142130
