0 0.452734 0.525296 0.070115 0.089685
0 0.270198 0.251926 0.058010 0.195537
0 0.507448 0.594995 0.054563 0.211546
0 0.330766 0.769542 0.055531 0.224546
0 0.604768 0.358051 0.042484 0.180269
0 0.475432 0.243981 0.043562 0.176630
0 0.501714 0.332352 0.040885 0.181333
0 0.468076 0.446579 0.030151 0.089380
0 0.485107 0.357130 0.048703 0.172481
0 0.348990 0.492440 0.042812 0.204731
0 0.657646 0.389690 0.049490 0.191269
0 0.406896 0.503736 0.090188 0.109639
0 0.295654 0.520407 0.056495 0.200185
0 0.474589 0.450139 0.044198 0.089019
0 0.562294 0.459542 0.039672 0.187991
0 0.462172 0.521745 0.041094 0.188917
0 0.345922 0.465662 0.040104 0.179065
0 0.443695 0.437741 0.048682 0.078963
0 0.526831 0.506338 0.041766 0.168806
0 0.535560 0.420241 0.044016 0.155926
0 0.472115 0.443319 0.033281 0.117139
0 0.464904 0.559616 0.043568 0.197139
