0 0.448260 0.446051 0.044635 0.088972
0 0.249836 0.258046 0.045734 0.148907
0 0.573672 0.566644 0.054198 0.175250
0 0.465852 0.759120 0.048568 0.187537
0 0.619078 0.362204 0.033865 0.138296
0 0.469185 0.163560 0.043568 0.145583
0 0.481044 0.283491 0.044828 0.138111
0 0.442956 0.439134 0.030151 0.089380
0 0.515396 0.313023 0.048698 0.154343
0 0.359583 0.499903 0.035833 0.143194
0 0.673388 0.422431 0.057495 0.154657
0 0.420583 0.422185 0.060771 0.074593
0 0.335206 0.520449 0.049359 0.173009
0 0.474471 0.379852 0.044193 0.112593
0 0.580318 0.460440 0.052385 0.113009
0 0.395305 0.520917 0.049599 0.150463
0 0.310263 0.430125 0.048849 0.148009
0 0.443695 0.437741 0.048682 0.078963
0 0.481237 0.466667 0.043172 0.128519
0 0.605732 0.412056 0.049266 0.119333
0 0.438620 0.438361 0.033281 0.117130
0 0.464247 0.625806 0.043557 0.168315
