0 0.241633 0.309935 0.039130 0.100130
0 0.244568 0.335713 0.042052 0.134926
0 0.256674 0.545852 0.060339 0.129148
0 0.151055 0.748759 0.056380 0.150352
0 0.416659 0.206995 0.047380 0.097880
0 0.421693 0.121528 0.043562 0.117389
0 0.655560 0.148384 0.040568 0.109935
0 0.566469 0.229361 0.037615 0.113852
0 0.360081 0.302727 0.034307 0.099546
0 0.355648 0.339032 0.038120 0.071417
0 0.361716 0.371370 0.040068 0.098611
0 0.334411 0.398898 0.041385 0.096907
0 0.302773 0.414440 0.048911 0.116176
0 0.440193 0.274958 0.054792 0.106306
0 0.519971 0.413204 0.041932 0.139407
0 0.411167 0.359125 0.053344 0.095843
0 0.381201 0.423963 0.067172 0.107463
0 0.355060 0.481949 0.054641 0.132639
0 0.449677 0.809046 0.052563 0.164722
0 0.744229 0.678699 0.054344 0.150472
0 0.779737 0.296981 0.051672 0.126704
0 0.396935 0.521037 0.054443 0.142130
