0 0.239461 0.314870 0.043474 0.104556
0 0.245563 0.336597 0.042052 0.134917
0 0.260464 0.549194 0.066750 0.129148
0 0.152995 0.745801 0.056385 0.150361
0 0.424167 0.208282 0.047375 0.097880
0 0.422271 0.121528 0.043562 0.117389
0 0.661333 0.151181 0.040573 0.109935
0 0.565828 0.230190 0.036875 0.112324
0 0.360107 0.302528 0.034307 0.100926
0 0.355648 0.338759 0.038120 0.071963
0 0.361565 0.371023 0.040286 0.099231
0 0.334411 0.398509 0.041385 0.097685
0 0.302531 0.414440 0.048427 0.116176
0 0.440503 0.276046 0.054339 0.106722
0 0.519273 0.413046 0.041932 0.139407
0 0.410909 0.358662 0.052828 0.095843
0 0.380250 0.423843 0.068323 0.107463
0 0.355018 0.482736 0.055286 0.132639
0 0.451161 0.809657 0.052563 0.164722
0 0.760503 0.685231 0.054349 0.150463
0 0.778372 0.297167 0.051672 0.126704
0 0.408112 0.526963 0.054443 0.142130
