0 0.505539 0.434755 0.033286 0.128750
0 0.451984 0.534639 0.091771 0.090722
0 0.266622 0.228894 0.060464 0.204861
0 0.487018 0.606310 0.054286 0.229287
0 0.296068 0.791426 0.059792 0.244259
0 0.595659 0.340361 0.042484 0.189278
0 0.476784 0.226588 0.043568 0.176620
0 0.518581 0.320662 0.040880 0.190343
0 0.468076 0.446579 0.030151 0.089380
0 0.466888 0.352921 0.048703 0.190454
0 0.339208 0.489435 0.042813 0.217944
0 0.652250 0.380690 0.049490 0.208065
0 0.402844 0.498949 0.090187 0.114417
0 0.277435 0.513213 0.059193 0.214574
0 0.474589 0.450139 0.044198 0.089019
0 0.562974 0.456546 0.045062 0.205981
0 0.451245 0.526523 0.041094 0.202139
0 0.344573 0.456667 0.040104 0.179056
0 0.443695 0.437741 0.048682 0.078963
0 0.533240 0.521315 0.041760 0.199963
0 0.539945 0.410046 0.044016 0.155926
0 0.472115 0.443319 0.033281 0.117139
0 0.465185 0.555995 0.043568 0.213380
