0 0.452180 0.526852 0.076484 0.089852
0 0.269602 0.248083 0.058411 0.197093
0 0.504042 0.596884 0.054510 0.214509
0 0.325797 0.769801 0.055958 0.226009
0 0.603253 0.355102 0.042484 0.181759
0 0.475659 0.241083 0.043568 0.176630
0 0.504523 0.330398 0.040880 0.182833
0 0.468076 0.446579 0.030151 0.089380
0 0.482070 0.356426 0.048703 0.175481
0 0.347359 0.491940 0.042812 0.206935
0 0.656745 0.388190 0.049490 0.194065
0 0.406219 0.502940 0.090187 0.110435
0 0.292615 0.519208 0.056948 0.202583
0 0.474589 0.450139 0.044198 0.089019
0 0.562409 0.459042 0.040568 0.190991
0 0.460354 0.522542 0.041094 0.191120
0 0.345698 0.464162 0.040104 0.179065
0 0.443695 0.437741 0.048682 0.078963
0 0.527898 0.508833 0.041766 0.174000
0 0.536289 0.418542 0.044016 0.155917
0 0.472115 0.443319 0.033281 0.117139
0 0.464951 0.559014 0.043568 0.199843
