0 0.566768 0.428403 0.048339 0.270972
0 0.503229 0.361412 0.072250 0.197231
0 0.441562 0.564306 0.137500 0.150833
0 0.308208 0.633426 0.106219 0.366148
0 0.106216 0.812875 0.084578 0.347824
0 0.535094 0.169713 0.054208 0.250667
0 0.618469 0.200472 0.067438 0.258593
0 0.468076 0.446579 0.030151 0.089380
0 0.331026 0.286398 0.066323 0.298889
0 0.212073 0.458431 0.083896 0.361065
0 0.572044 0.301551 0.055786 0.237528
0 0.354409 0.433222 0.045547 0.222519
0 0.115643 0.489940 0.091443 0.358231
0 0.474589 0.450139 0.044198 0.089019
0 0.618529 0.459338 0.051401 0.318380
0 0.357279 0.518819 0.060651 0.348398
0 0.314620 0.470801 0.061000 0.291546
0 0.443695 0.437741 0.048682 0.078963
0 0.544052 0.621301 0.067229 0.332380
0 0.617047 0.424625 0.047823 0.273157
0 0.472115 0.443319 0.033281 0.117139
0 0.453305 0.543588 0.060578 0.338898
