0 0.470266 0.458602 0.044635 0.088981
0 0.257477 0.253852 0.048193 0.158241
0 0.564130 0.555991 0.054198 0.184704
0 0.448477 0.746532 0.045318 0.189472
0 0.613154 0.358477 0.033172 0.155639
0 0.475115 0.185264 0.043562 0.145583
0 0.473021 0.290005 0.045521 0.147417
0 0.468076 0.446579 0.030151 0.089380
0 0.519930 0.312403 0.048703 0.154343
0 0.359583 0.494935 0.035833 0.161796
0 0.681591 0.390500 0.052964 0.155296
0 0.420063 0.445440 0.085542 0.082639
0 0.331359 0.510218 0.051813 0.173009
0 0.483891 0.398454 0.044198 0.089019
0 0.568979 0.450194 0.045062 0.128500
0 0.427583 0.512843 0.059729 0.154204
0 0.327357 0.434468 0.048849 0.148009
0 0.443695 0.437741 0.048682 0.078963
0 0.486464 0.457361 0.041760 0.128519
0 0.576247 0.394995 0.044016 0.131120
0 0.472115 0.443319 0.033281 0.117139
0 0.465299 0.588894 0.043568 0.161472
