0 0.247154 0.302963 0.038391 0.125389
0 0.269841 0.337431 0.042057 0.134917
0 0.259326 0.540375 0.059630 0.129157
0 0.153685 0.739361 0.056380 0.150352
0 0.402586 0.211940 0.047380 0.097880
0 0.419354 0.123185 0.043562 0.107500
0 0.594669 0.134694 0.028318 0.107000
0 0.572117 0.231907 0.044109 0.107537
0 0.359753 0.305356 0.034307 0.081509
0 0.355648 0.342565 0.038120 0.064352
0 0.363690 0.375907 0.037214 0.090556
0 0.334411 0.403949 0.041385 0.086806
0 0.305891 0.414440 0.055146 0.116176
0 0.444706 0.267282 0.044068 0.123917
0 0.536320 0.408005 0.041932 0.139417
0 0.414521 0.365162 0.060021 0.095843
0 0.393523 0.425472 0.052151 0.107463
0 0.355615 0.471727 0.046281 0.132639
0 0.418115 0.792907 0.052562 0.164722
0 0.711786 0.636329 0.054344 0.150472
0 0.781755 0.293921 0.051677 0.126713
0 0.405341 0.531764 0.054443 0.142120
