0 0.237286 0.319801 0.047823 0.108991
0 0.245141 0.337593 0.042052 0.134926
0 0.278695 0.554074 0.076047 0.129148
0 0.169732 0.750407 0.059234 0.150352
0 0.431674 0.209569 0.047380 0.097880
0 0.422852 0.121528 0.043568 0.117389
0 0.666914 0.150384 0.040568 0.109935
0 0.565190 0.231014 0.036141 0.110806
0 0.360133 0.302324 0.034307 0.102315
0 0.355648 0.336653 0.038120 0.076176
0 0.370193 0.373546 0.040323 0.102981
0 0.329380 0.402144 0.043583 0.099750
0 0.292432 0.422606 0.049667 0.116176
0 0.419305 0.277130 0.053891 0.107148
0 0.511070 0.415556 0.042880 0.139407
0 0.395849 0.351560 0.050698 0.095843
0 0.372547 0.415083 0.065250 0.110167
0 0.327107 0.471912 0.050568 0.132639
0 0.452646 0.810264 0.052562 0.164731
0 0.778906 0.677023 0.054344 0.150472
0 0.760914 0.299093 0.053443 0.126704
0 0.414732 0.538944 0.054443 0.142130
