0 0.242375 0.300556 0.037635 0.124056
0 0.255896 0.335014 0.042052 0.134917
0 0.257203 0.541444 0.059635 0.129148
0 0.150310 0.742935 0.056380 0.150352
0 0.402315 0.210986 0.047380 0.097880
0 0.418466 0.122648 0.043568 0.110667
0 0.600242 0.130736 0.029651 0.109935
0 0.572117 0.228755 0.044109 0.113843
0 0.359789 0.305083 0.034307 0.083352
0 0.355648 0.342204 0.038120 0.065074
0 0.363487 0.375440 0.037505 0.091380
0 0.334411 0.403431 0.041385 0.087843
0 0.305573 0.414440 0.054510 0.116176
0 0.443867 0.267282 0.045745 0.123917
0 0.533065 0.410106 0.041932 0.139417
0 0.414177 0.364542 0.059333 0.095843
0 0.392258 0.425315 0.053693 0.107463
0 0.355557 0.472778 0.047135 0.132630
0 0.420378 0.793407 0.052568 0.164722
0 0.712086 0.638463 0.054349 0.150463
0 0.783529 0.294310 0.051672 0.126713
0 0.397362 0.524074 0.054443 0.142130
