0 0.540831 0.408005 0.037297 0.127324
0 0.455044 0.550213 0.100286 0.092481
0 0.263057 0.172083 0.075552 0.247500
0 0.445701 0.617333 0.085411 0.278481
0 0.253148 0.814014 0.068318 0.286269
0 0.591060 0.298801 0.042484 0.234250
0 0.500169 0.199352 0.055078 0.244815
0 0.562279 0.282505 0.040880 0.190343
0 0.468076 0.446579 0.030151 0.089380
0 0.441589 0.321259 0.055260 0.195444
0 0.312688 0.489431 0.061604 0.263546
0 0.643810 0.371162 0.066339 0.268046
0 0.378036 0.494380 0.078198 0.175241
0 0.234237 0.510176 0.073714 0.275389
0 0.474589 0.450139 0.044198 0.089019
0 0.584437 0.459884 0.045063 0.250972
0 0.432500 0.519856 0.041094 0.228806
0 0.348849 0.465792 0.040104 0.255083
0 0.443695 0.437741 0.048682 0.078963
0 0.542612 0.549648 0.052068 0.243296
0 0.562940 0.390963 0.044016 0.155926
0 0.472115 0.443319 0.033281 0.117139
0 0.465654 0.549954 0.043568 0.240463
