0 0.342948 0.420426 0.044635 0.102444
0 0.191891 0.275824 0.042052 0.134926
0 0.512115 0.593593 0.057438 0.147500
0 0.441109 0.834852 0.056385 0.174704
0 0.662839 0.343412 0.050990 0.126843
0 0.404266 0.067509 0.043562 0.117389
0 0.571201 0.203894 0.046078 0.126824
0 0.501456 0.356731 0.051714 0.124407
0 0.429672 0.325120 0.040750 0.135148
0 0.362349 0.422343 0.045729 0.119315
0 0.502622 0.468306 0.044380 0.145333
0 0.227156 0.364875 0.039188 0.124028
0 0.317211 0.516523 0.038182 0.147639
0 0.451458 0.320005 0.036292 0.141176
0 0.532828 0.460750 0.046990 0.133370
0 0.323453 0.448796 0.041417 0.073759
0 0.179490 0.441532 0.065687 0.126713
0 0.353753 0.526574 0.044557 0.125259
0 0.447237 0.674528 0.044109 0.155315
0 0.580607 0.513023 0.045870 0.124713
0 0.416365 0.439588 0.040104 0.125713
0 0.380813 0.766486 0.050302 0.164306
