0 0.243826 0.330685 0.048755 0.106074
0 0.237656 0.339148 0.042052 0.134926
0 0.305297 0.553722 0.068740 0.129148
0 0.194948 0.757083 0.061813 0.150352
0 0.443667 0.211787 0.047375 0.097870
0 0.421557 0.121593 0.043562 0.117389
0 0.670966 0.149403 0.041703 0.109935
0 0.564549 0.231843 0.035401 0.109296
0 0.359185 0.302875 0.034307 0.103472
0 0.352078 0.337287 0.039292 0.081944
0 0.379737 0.377852 0.040328 0.106630
0 0.324313 0.407278 0.045771 0.101685
0 0.280513 0.432282 0.050984 0.116176
0 0.395167 0.279981 0.052583 0.107500
0 0.498180 0.417731 0.043828 0.139407
0 0.378286 0.346014 0.047844 0.097213
0 0.363083 0.404546 0.060323 0.112870
0 0.294560 0.461750 0.045745 0.132630
0 0.457052 0.812176 0.052562 0.164722
0 0.796383 0.664199 0.055005 0.150472
0 0.735930 0.303213 0.055297 0.126704
0 0.418237 0.551083 0.054443 0.142130
