0 0.236201 0.322269 0.049995 0.111204
0 0.241401 0.338370 0.042052 0.134926
0 0.294174 0.552273 0.072745 0.129157
0 0.179581 0.753463 0.060943 0.150352
0 0.435430 0.210208 0.047380 0.097880
0 0.423141 0.121528 0.043562 0.117389
0 0.669685 0.149625 0.040568 0.109935
0 0.564870 0.231431 0.035771 0.110046
0 0.360143 0.302218 0.034307 0.103009
0 0.355648 0.335417 0.038120 0.078648
0 0.375385 0.375102 0.040323 0.105167
0 0.326365 0.404366 0.044896 0.100917
0 0.286396 0.427505 0.050458 0.116176
0 0.406555 0.277681 0.053661 0.107361
0 0.506219 0.417079 0.043448 0.139417
0 0.386839 0.347347 0.049469 0.095843
0 0.368018 0.409838 0.063286 0.111787
0 0.310367 0.465343 0.047672 0.132630
0 0.453388 0.810565 0.052568 0.164722
0 0.788323 0.671444 0.054344 0.150463
0 0.750573 0.300227 0.054510 0.126713
0 0.417586 0.545537 0.054443 0.142130
