0 0.561581 0.424324 0.046130 0.242241
0 0.455451 0.561468 0.109724 0.100046
0 0.239776 0.116819 0.073417 0.233639
0 0.385953 0.624329 0.083083 0.321769
0 0.180797 0.810384 0.075146 0.319861
0 0.567240 0.231042 0.042479 0.234250
0 0.518542 0.143468 0.065958 0.256157
0 0.583878 0.234708 0.047328 0.197602
0 0.468076 0.446579 0.030151 0.089380
0 0.396281 0.318361 0.062625 0.273833
0 0.265729 0.484796 0.073521 0.320519
0 0.611305 0.310968 0.051682 0.206954
0 0.365065 0.482657 0.047891 0.220519
0 0.179826 0.500222 0.087120 0.308481
0 0.474589 0.450139 0.044198 0.089019
0 0.599073 0.455644 0.045062 0.275157
0 0.396932 0.515551 0.050771 0.287343
0 0.335099 0.470556 0.060219 0.284259
0 0.443695 0.437741 0.048682 0.078963
0 0.542792 0.586560 0.059917 0.282046
0 0.598833 0.417894 0.047063 0.249713
0 0.472115 0.443319 0.033281 0.117139
0 0.457992 0.549671 0.052745 0.295546
