0 0.317818 0.435259 0.044635 0.088981
0 0.201177 0.291204 0.042052 0.134926
0 0.455453 0.578616 0.058313 0.134731
0 0.390521 0.831426 0.056385 0.164963
0 0.648133 0.297870 0.043307 0.110741
0 0.406451 0.086366 0.043568 0.117380
0 0.592659 0.173514 0.046078 0.100639
0 0.543464 0.292759 0.033073 0.104481
0 0.387117 0.317806 0.038349 0.124278
0 0.347276 0.378731 0.049833 0.096796
0 0.456753 0.426569 0.032995 0.111750
0 0.251156 0.360046 0.037771 0.118574
0 0.295693 0.469458 0.036667 0.110694
0 0.415526 0.307579 0.036292 0.096602
0 0.485521 0.430481 0.047240 0.133778
0 0.362430 0.428014 0.040568 0.109472
0 0.210091 0.458069 0.062734 0.078120
0 0.306581 0.501727 0.041484 0.122120
0 0.461956 0.754333 0.059443 0.164722
0 0.661888 0.543185 0.060964 0.150463
0 0.470672 0.385815 0.056010 0.066352
0 0.377224 0.739843 0.054448 0.129722
