0 0.311505 0.430176 0.044635 0.088981
0 0.202724 0.293764 0.042052 0.134917
0 0.444185 0.577370 0.054193 0.133130
0 0.389169 0.820375 0.056380 0.163343
0 0.640094 0.290958 0.043312 0.107880
0 0.406919 0.090981 0.043568 0.117389
0 0.594938 0.169468 0.046073 0.100639
0 0.546143 0.286329 0.033068 0.104491
0 0.382458 0.316130 0.037052 0.119241
0 0.345391 0.377542 0.049833 0.096806
0 0.450206 0.421958 0.036182 0.111750
0 0.256932 0.362352 0.037771 0.110185
0 0.290854 0.466315 0.036667 0.110704
0 0.409396 0.306532 0.036292 0.096602
0 0.480448 0.427755 0.047708 0.135028
0 0.361424 0.422042 0.040568 0.109472
0 0.218935 0.451153 0.057547 0.076028
0 0.300211 0.497116 0.041016 0.122120
0 0.466594 0.755787 0.059448 0.164722
0 0.677964 0.546282 0.060969 0.150472
0 0.479635 0.384139 0.056010 0.079759
0 0.382060 0.725593 0.054443 0.129722
