0 0.259078 0.347523 0.046281 0.095824
0 0.230172 0.340704 0.042052 0.134926
0 0.343234 0.564977 0.060010 0.129157
0 0.247747 0.766528 0.060182 0.150352
0 0.478063 0.218676 0.047375 0.097870
0 0.410898 0.122028 0.043568 0.117389
0 0.667578 0.151130 0.048490 0.109944
0 0.563911 0.232671 0.034667 0.107769
0 0.353372 0.307181 0.034307 0.103472
0 0.330638 0.353435 0.046318 0.091852
0 0.385068 0.388190 0.040323 0.106620
0 0.324070 0.415889 0.045776 0.101685
0 0.269372 0.441319 0.050984 0.116176
0 0.377849 0.291602 0.047010 0.107500
0 0.469354 0.415579 0.043823 0.139417
0 0.363026 0.354838 0.042990 0.105380
0 0.351578 0.393787 0.050396 0.112870
0 0.266706 0.466486 0.045745 0.132639
0 0.476068 0.820630 0.052562 0.164722
0 0.807083 0.643074 0.058979 0.150463
0 0.689417 0.316560 0.055771 0.126713
0 0.410727 0.557972 0.054443 0.142130
