0 0.240909 0.311583 0.040578 0.101611
0 0.244901 0.336009 0.042052 0.134926
0 0.257398 0.546583 0.061755 0.129148
0 0.151701 0.747778 0.056380 0.150352
0 0.419161 0.207421 0.047375 0.097880
0 0.421885 0.121528 0.043562 0.117389
0 0.657484 0.149310 0.040573 0.109935
0 0.566255 0.229639 0.037365 0.113333
0 0.360091 0.302657 0.034307 0.100000
0 0.355648 0.338940 0.038120 0.071602
0 0.361669 0.371255 0.040141 0.098824
0 0.334411 0.398769 0.041385 0.097167
0 0.302693 0.414440 0.048750 0.116176
0 0.440294 0.275324 0.054641 0.106444
0 0.519740 0.413148 0.041927 0.139407
0 0.411081 0.358968 0.053172 0.095843
0 0.380883 0.423926 0.067557 0.107463
0 0.355047 0.482213 0.054854 0.132630
0 0.450172 0.809250 0.052562 0.164722
0 0.749654 0.680880 0.054349 0.150463
0 0.779281 0.297042 0.051677 0.126713
0 0.400659 0.523014 0.054443 0.142120
