0 0.461922 0.451769 0.044635 0.088981
0 0.253656 0.255949 0.046958 0.153565
0 0.568901 0.561315 0.054198 0.179981
0 0.457164 0.752824 0.046943 0.188500
0 0.616115 0.360338 0.033521 0.146972
0 0.472148 0.174412 0.043568 0.145583
0 0.477031 0.286745 0.045177 0.142769
0 0.455516 0.442856 0.030146 0.089380
0 0.517664 0.312708 0.048703 0.154343
0 0.359583 0.497417 0.035833 0.152500
0 0.677490 0.406463 0.055229 0.154981
0 0.420323 0.433815 0.073156 0.078611
0 0.333284 0.515333 0.050589 0.173000
0 0.479182 0.389153 0.044198 0.100806
0 0.574648 0.455319 0.048724 0.120750
0 0.411445 0.516880 0.054661 0.152333
0 0.318810 0.432296 0.048849 0.148019
0 0.443695 0.437741 0.048682 0.078963
0 0.483849 0.462019 0.042469 0.128519
0 0.590990 0.403523 0.046635 0.125231
0 0.455365 0.440838 0.033281 0.117139
0 0.464773 0.607352 0.043557 0.164889
