0 0.253992 0.341912 0.047109 0.099231
0 0.232667 0.340185 0.042052 0.134926
0 0.330589 0.561227 0.062917 0.129157
0 0.230148 0.763380 0.060724 0.150352
0 0.466596 0.216380 0.047380 0.097870
0 0.414451 0.121884 0.043568 0.117380
0 0.668706 0.150556 0.046224 0.109944
0 0.564122 0.232398 0.034911 0.108278
0 0.355310 0.305745 0.034307 0.103472
0 0.337784 0.348051 0.043974 0.088546
0 0.383292 0.384745 0.040323 0.106620
0 0.324151 0.413019 0.045771 0.101685
0 0.273086 0.438310 0.050984 0.116176
0 0.383622 0.287731 0.048870 0.107500
0 0.478964 0.416296 0.043823 0.139407
0 0.368112 0.351894 0.044609 0.102657
0 0.355414 0.397370 0.053703 0.112870
0 0.275992 0.464907 0.045745 0.132630
0 0.469729 0.817815 0.052563 0.164722
0 0.803516 0.650116 0.057656 0.150472
0 0.704922 0.312116 0.055615 0.126713
0 0.413229 0.555676 0.054448 0.142130
