0 0.566768 0.428403 0.048339 0.270972
0 0.505852 0.339222 0.076255 0.204352
0 0.671393 0.432829 0.069339 0.324028
0 0.430641 0.564852 0.137500 0.181963
0 0.276318 0.637315 0.120365 0.382926
0 0.073789 0.820713 0.091047 0.351963
0 0.521997 0.147514 0.060068 0.258880
0 0.633062 0.189329 0.076688 0.288176
0 0.468076 0.446579 0.030151 0.089380
0 0.304060 0.270778 0.067255 0.301630
0 0.191115 0.445829 0.087594 0.374213
0 0.556477 0.304370 0.059672 0.260444
0 0.350703 0.409968 0.048167 0.217861
0 0.090352 0.486042 0.091932 0.378972
0 0.474589 0.450139 0.044198 0.089019
0 0.626427 0.461718 0.054562 0.336972
0 0.341898 0.520991 0.064380 0.371611
0 0.306099 0.470329 0.058875 0.291546
0 0.443695 0.437741 0.048682 0.078963
0 0.544659 0.634060 0.069901 0.352713
0 0.621667 0.424625 0.047823 0.273157
0 0.472115 0.443319 0.033281 0.117139
0 0.451919 0.540583 0.063349 0.353685
