0 0.397299 0.420523 0.042786 0.113083
0 0.228169 0.268847 0.043786 0.136472
0 0.576708 0.583949 0.060823 0.182120
0 0.488323 0.794421 0.049323 0.175954
0 0.633734 0.375477 0.034323 0.140694
0 0.448820 0.112306 0.043568 0.120204
0 0.509940 0.284218 0.044370 0.131917
0 0.392195 0.407194 0.030151 0.089389
0 0.501674 0.315977 0.041557 0.154343
0 0.364570 0.483685 0.044734 0.143852
0 0.618698 0.481778 0.053396 0.141574
0 0.332221 0.399241 0.063641 0.126907
0 0.339849 0.542625 0.051406 0.173009
0 0.462474 0.330667 0.037083 0.128315
0 0.583250 0.460949 0.048010 0.115343
0 0.345005 0.504444 0.042844 0.141426
0 0.258841 0.430935 0.052526 0.168519
0 0.420146 0.487042 0.048677 0.129176
0 0.462768 0.534394 0.044109 0.152639
0 0.634659 0.460213 0.049880 0.139407
0 0.412104 0.411792 0.033281 0.117139
0 0.449276 0.708764 0.043552 0.172880
