0 0.242849 0.300199 0.036687 0.122380
0 0.247177 0.333500 0.042052 0.134926
0 0.255880 0.542111 0.059635 0.129148
0 0.148870 0.745667 0.056385 0.150352
0 0.402146 0.210394 0.047375 0.097880
0 0.417911 0.122319 0.043562 0.112639
0 0.604510 0.129412 0.033000 0.109935
0 0.572117 0.226782 0.044109 0.117787
0 0.359810 0.304917 0.034307 0.084519
0 0.355648 0.341977 0.038120 0.065528
0 0.363362 0.375148 0.037693 0.091889
0 0.334411 0.403106 0.041385 0.088491
0 0.305372 0.414440 0.054109 0.116176
0 0.443341 0.267282 0.046797 0.123917
0 0.531034 0.411421 0.041932 0.139417
0 0.413964 0.364153 0.058906 0.095843
0 0.391469 0.425222 0.054656 0.107463
0 0.355521 0.473431 0.047677 0.132639
0 0.421792 0.793722 0.052562 0.164722
0 0.712273 0.639796 0.054349 0.150463
0 0.784638 0.294560 0.051672 0.126713
0 0.395143 0.521120 0.054443 0.142130
