0 0.242091 0.300773 0.038203 0.125065
0 0.261125 0.335917 0.042052 0.134926
0 0.258000 0.541042 0.059635 0.129157
0 0.151352 0.741426 0.056380 0.150352
0 0.402417 0.211347 0.047375 0.097880
0 0.418799 0.122852 0.043568 0.109481
0 0.597888 0.131833 0.028318 0.109444
0 0.572117 0.229940 0.044109 0.111472
0 0.359773 0.305185 0.034307 0.082667
0 0.355648 0.342338 0.038120 0.064806
0 0.363562 0.375616 0.037396 0.091065
0 0.334411 0.403625 0.041385 0.087454
0 0.305693 0.414440 0.054750 0.116176
0 0.444180 0.267282 0.045120 0.123917
0 0.534286 0.409319 0.041927 0.139417
0 0.414305 0.364773 0.059589 0.095843
0 0.392734 0.425380 0.053115 0.107463
0 0.355578 0.472380 0.046812 0.132630
0 0.419529 0.793222 0.052568 0.164722
0 0.711974 0.637662 0.054344 0.150472
0 0.782862 0.294162 0.051672 0.126713
0 0.398690 0.525852 0.054443 0.142130
