0 0.458786 0.503954 0.044635 0.088981
0 0.271680 0.254264 0.054328 0.181546
0 0.535125 0.575588 0.061802 0.208380
0 0.374721 0.746537 0.051703 0.211389
0 0.611419 0.355889 0.038984 0.174259
0 0.475695 0.226625 0.043568 0.161102
0 0.484362 0.319722 0.040880 0.161370
0 0.468076 0.446579 0.030151 0.089380
0 0.504232 0.338236 0.048703 0.157417
0 0.355805 0.482806 0.042807 0.185056
0 0.662406 0.378620 0.051229 0.167685
0 0.411922 0.480319 0.087865 0.094546
0 0.315068 0.509449 0.054698 0.186954
0 0.474589 0.450139 0.044198 0.089019
0 0.560177 0.438032 0.040573 0.164120
0 0.465682 0.490898 0.041094 0.149593
0 0.345813 0.444532 0.044479 0.171287
0 0.443695 0.437741 0.048682 0.078963
0 0.514685 0.468852 0.041766 0.146019
0 0.537289 0.406366 0.044016 0.143528
0 0.472115 0.443319 0.033281 0.117139
0 0.464716 0.551685 0.043568 0.173889
