0 0.466474 0.453667 0.044635 0.088981
0 0.254930 0.255250 0.047370 0.155130
0 0.567310 0.559542 0.054193 0.181546
0 0.454268 0.750727 0.046401 0.188824
0 0.615128 0.359718 0.033401 0.149861
0 0.473138 0.178032 0.043568 0.145583
0 0.475693 0.287833 0.045292 0.144315
0 0.459703 0.444097 0.030146 0.089380
0 0.518419 0.312606 0.048703 0.154343
0 0.359583 0.496593 0.035833 0.155593
0 0.678857 0.401144 0.054474 0.155083
0 0.420237 0.437690 0.077286 0.079954
0 0.332641 0.513630 0.051000 0.173000
0 0.480750 0.392255 0.044198 0.096880
0 0.572760 0.453611 0.047500 0.123333
0 0.416826 0.515532 0.056349 0.152954
0 0.321659 0.433023 0.048849 0.148009
0 0.443695 0.437741 0.048682 0.078963
0 0.484721 0.460463 0.042234 0.128519
0 0.586076 0.400681 0.045766 0.127194
0 0.460948 0.441671 0.033281 0.117139
0 0.464948 0.601199 0.043562 0.163750
