0 0.467969 0.467667 0.044635 0.088981
0 0.260578 0.251375 0.049417 0.162898
0 0.558854 0.553963 0.055281 0.189444
0 0.433573 0.739944 0.046594 0.193852
0 0.612805 0.353514 0.033870 0.161231
0 0.475638 0.188986 0.043568 0.145583
0 0.474591 0.292792 0.044130 0.147417
0 0.468076 0.446579 0.030151 0.089380
0 0.517315 0.313644 0.048703 0.154343
0 0.358536 0.487806 0.037927 0.165519
0 0.676182 0.381815 0.052969 0.155296
0 0.418318 0.447921 0.085542 0.082639
0 0.328654 0.505259 0.052682 0.176093
0 0.481099 0.413963 0.044198 0.089019
0 0.565839 0.439495 0.045062 0.135620
0 0.437878 0.497963 0.054141 0.143667
0 0.332591 0.429352 0.048849 0.152667
0 0.443695 0.437741 0.048682 0.078963
0 0.492568 0.452560 0.041760 0.133157
0 0.565956 0.392208 0.044016 0.131120
0 0.472115 0.443319 0.033281 0.117139
0 0.465122 0.574630 0.043568 0.161463
