0 0.245862 0.302431 0.038391 0.125398
0 0.268099 0.337130 0.042052 0.134926
0 0.259060 0.540509 0.059630 0.129148
0 0.153216 0.739773 0.056380 0.150361
0 0.402552 0.211819 0.047375 0.097880
0 0.419242 0.123116 0.043568 0.107898
0 0.595315 0.134125 0.028318 0.107491
0 0.572117 0.231514 0.044109 0.108324
0 0.359758 0.305319 0.034307 0.081750
0 0.355648 0.342523 0.038120 0.064435
0 0.363667 0.375847 0.037250 0.090657
0 0.334411 0.403884 0.041385 0.086935
0 0.305852 0.414440 0.055068 0.116176
0 0.444602 0.267282 0.044276 0.123917
0 0.535914 0.408269 0.041932 0.139407
0 0.414477 0.365079 0.059932 0.095843
0 0.393365 0.425454 0.052344 0.107463
0 0.355607 0.471856 0.046391 0.132639
0 0.418398 0.792972 0.052568 0.164722
0 0.711823 0.636597 0.054344 0.150472
0 0.781977 0.293968 0.051672 0.126713
0 0.404013 0.530583 0.054443 0.142130
