0 0.360359 0.409093 0.044635 0.090204
0 0.202646 0.280111 0.048125 0.140352
0 0.555784 0.590060 0.054193 0.161917
0 0.471539 0.817421 0.055661 0.181287
0 0.634292 0.373579 0.049323 0.128380
0 0.421414 0.081843 0.043568 0.117389
0 0.544026 0.250657 0.045906 0.127333
0 0.444867 0.399366 0.061995 0.120898
0 0.478490 0.325810 0.040750 0.137065
0 0.364763 0.450014 0.045724 0.109306
0 0.567409 0.492176 0.045203 0.144815
0 0.256740 0.382671 0.053302 0.135176
0 0.330951 0.539685 0.051797 0.160630
0 0.475141 0.323833 0.036292 0.144648
0 0.566234 0.457157 0.046990 0.116741
0 0.315966 0.487745 0.048484 0.130657
0 0.206557 0.448162 0.052938 0.143028
0 0.372659 0.518894 0.048682 0.134769
0 0.443742 0.610681 0.044109 0.155324
0 0.589880 0.480144 0.038708 0.155676
0 0.391914 0.427866 0.039422 0.124861
0 0.419466 0.770833 0.049630 0.165167
