0 0.274604 0.388120 0.044635 0.101685
0 0.218135 0.323736 0.042052 0.134917
0 0.389180 0.588356 0.054193 0.129157
0 0.353344 0.785426 0.056927 0.150352
0 0.552552 0.246306 0.043719 0.097870
0 0.406919 0.115435 0.043568 0.117389
0 0.630823 0.158968 0.046656 0.101565
0 0.562633 0.234324 0.033193 0.104741
0 0.349659 0.310162 0.032703 0.101806
0 0.328406 0.366852 0.049833 0.096796
0 0.400823 0.413370 0.046625 0.111241
0 0.320424 0.413444 0.052828 0.115185
0 0.259208 0.455935 0.038094 0.111241
0 0.377625 0.299870 0.040656 0.102593
0 0.435583 0.415435 0.043823 0.139407
0 0.353154 0.370056 0.040568 0.109463
0 0.309107 0.400306 0.052307 0.112870
0 0.250628 0.479773 0.045745 0.132639
0 0.511182 0.820852 0.058760 0.164722
0 0.808495 0.608495 0.060969 0.150472
0 0.585062 0.351144 0.056010 0.126713
0 0.409357 0.622250 0.054443 0.142130
