0 0.238737 0.316519 0.044922 0.106037
0 0.245893 0.336889 0.042057 0.134926
0 0.264419 0.552231 0.072495 0.129148
0 0.156602 0.746329 0.056953 0.150361
0 0.426669 0.208708 0.047380 0.097880
0 0.422466 0.121528 0.043568 0.117389
0 0.663219 0.151394 0.040573 0.109935
0 0.565617 0.230468 0.036630 0.111824
0 0.360117 0.302454 0.034307 0.101389
0 0.355648 0.338301 0.038120 0.072880
0 0.363271 0.371477 0.040323 0.100065
0 0.333404 0.399185 0.041828 0.098204
0 0.300482 0.416069 0.048609 0.116176
0 0.436302 0.276407 0.054188 0.106870
0 0.517539 0.413528 0.042120 0.139407
0 0.407865 0.357181 0.052333 0.095843
0 0.378583 0.422079 0.067865 0.108009
0 0.349432 0.480676 0.054427 0.132630
0 0.451656 0.809861 0.052562 0.164722
0 0.766352 0.684463 0.054349 0.150463
0 0.774698 0.297579 0.052031 0.126713
0 0.410927 0.530153 0.054448 0.142120
