0 0.241271 0.310759 0.039854 0.100870
0 0.244734 0.335861 0.042052 0.134926
0 0.257036 0.546218 0.061042 0.129157
0 0.151378 0.748269 0.056380 0.150352
0 0.417909 0.207208 0.047380 0.097880
0 0.421789 0.121528 0.043568 0.117389
0 0.656523 0.148847 0.040568 0.109935
0 0.566362 0.229500 0.037484 0.113593
0 0.360086 0.302690 0.034307 0.099769
0 0.355648 0.338986 0.038120 0.071509
0 0.361693 0.371310 0.040104 0.098713
0 0.334411 0.398833 0.041385 0.097037
0 0.302732 0.414440 0.048828 0.116176
0 0.440245 0.275139 0.054719 0.106370
0 0.519857 0.413176 0.041932 0.139407
0 0.411125 0.359051 0.053260 0.095843
0 0.381042 0.423944 0.067365 0.107463
0 0.355055 0.482079 0.054745 0.132639
0 0.449924 0.809148 0.052568 0.164722
0 0.746943 0.679792 0.054344 0.150472
0 0.779508 0.297014 0.051672 0.126713
0 0.398799 0.522028 0.054443 0.142130
