0 0.244789 0.300486 0.032818 0.107509
0 0.239766 0.331444 0.042052 0.134926
0 0.255747 0.544120 0.059630 0.129148
0 0.149487 0.746398 0.056380 0.150352
0 0.400930 0.206111 0.047380 0.097870
0 0.418896 0.121528 0.043562 0.117389
0 0.631443 0.138171 0.040573 0.109935
0 0.569557 0.225361 0.041167 0.121185
0 0.359961 0.303704 0.034307 0.092833
0 0.355648 0.340347 0.038120 0.068787
0 0.362451 0.373056 0.039005 0.095611
0 0.334411 0.400773 0.041385 0.093157
0 0.303932 0.414440 0.051229 0.116176
0 0.439893 0.268347 0.053964 0.120213
0 0.523357 0.413954 0.041932 0.139407
0 0.412414 0.361366 0.055828 0.095843
0 0.385781 0.424528 0.061583 0.107463
0 0.355266 0.478148 0.051531 0.132630
0 0.442505 0.806102 0.052563 0.164722
0 0.713622 0.649394 0.054349 0.150472
0 0.786331 0.296079 0.051672 0.126713
0 0.396768 0.520046 0.054443 0.142130
