0 0.243323 0.299838 0.035740 0.120713
0 0.240109 0.332486 0.038729 0.134917
0 0.255125 0.542606 0.059635 0.129157
0 0.147880 0.747417 0.056385 0.150352
0 0.401977 0.209801 0.047380 0.097880
0 0.417357 0.121986 0.043568 0.114620
0 0.607938 0.129940 0.036240 0.109935
0 0.572117 0.224810 0.044109 0.121731
0 0.359831 0.304745 0.034307 0.085676
0 0.355648 0.341750 0.038120 0.065981
0 0.363237 0.374856 0.037870 0.092417
0 0.334411 0.402782 0.041385 0.089139
0 0.305172 0.414440 0.053708 0.116176
0 0.442818 0.267282 0.047844 0.123917
0 0.529003 0.412736 0.041932 0.139417
0 0.413745 0.363764 0.058479 0.095843
0 0.390680 0.425120 0.055620 0.107463
0 0.355484 0.474083 0.048208 0.132630
0 0.423617 0.795648 0.052568 0.164722
0 0.712461 0.641130 0.054349 0.150463
0 0.785747 0.294806 0.051672 0.126704
0 0.395586 0.519935 0.054443 0.142130
