0 0.243805 0.305009 0.034786 0.095704
0 0.243576 0.334829 0.042057 0.134917
0 0.256211 0.545245 0.059630 0.129157
0 0.150414 0.751005 0.056380 0.150361
0 0.409148 0.205708 0.047380 0.097880
0 0.421115 0.121528 0.043562 0.117389
0 0.649523 0.145579 0.040568 0.109935
0 0.567109 0.228532 0.038344 0.115361
0 0.360055 0.302931 0.034307 0.098157
0 0.355648 0.339301 0.038120 0.070880
0 0.361870 0.371718 0.039844 0.097991
0 0.334411 0.399287 0.041385 0.096130
0 0.303013 0.414440 0.049391 0.116176
0 0.439883 0.273870 0.055245 0.105889
0 0.520674 0.413356 0.041932 0.139417
0 0.411427 0.359588 0.053854 0.095843
0 0.382148 0.424079 0.066016 0.107454
0 0.355104 0.481162 0.054000 0.132639
0 0.448193 0.808435 0.052562 0.164722
0 0.729534 0.668903 0.054349 0.150472
0 0.781102 0.296792 0.051672 0.126713
0 0.390034 0.516676 0.054443 0.142130
