0 0.244904 0.299815 0.032589 0.109796
0 0.238945 0.331060 0.041224 0.134917
0 0.255669 0.543926 0.059630 0.129148
0 0.150388 0.747903 0.056380 0.150361
0 0.401065 0.206588 0.047380 0.097880
0 0.418510 0.121528 0.043562 0.117389
0 0.628760 0.137134 0.040573 0.109935
0 0.569984 0.224810 0.041656 0.122194
0 0.359943 0.303838 0.034312 0.091917
0 0.355648 0.340528 0.038120 0.068426
0 0.362555 0.373287 0.038859 0.095204
0 0.334411 0.401032 0.041385 0.092639
0 0.304091 0.414440 0.051547 0.116176
0 0.439984 0.267282 0.053510 0.123917
0 0.523820 0.414056 0.041932 0.139407
0 0.412586 0.361681 0.056172 0.095843
0 0.386414 0.424602 0.060818 0.107463
0 0.355297 0.477625 0.051104 0.132639
0 0.441518 0.805699 0.052568 0.164731
0 0.713474 0.648329 0.054344 0.150472
0 0.787242 0.295954 0.051672 0.126704
0 0.399221 0.521704 0.054443 0.142130
