0 0.400826 0.422523 0.043016 0.110083
0 0.230721 0.267718 0.043359 0.136083
0 0.577638 0.583000 0.059880 0.179796
0 0.487115 0.791435 0.049479 0.177093
0 0.632542 0.374282 0.034323 0.139139
0 0.450643 0.116394 0.043568 0.123028
0 0.507323 0.283653 0.044365 0.131917
0 0.395974 0.410194 0.030146 0.089389
0 0.502862 0.315690 0.042349 0.154343
0 0.364016 0.485856 0.043750 0.142398
0 0.624167 0.477551 0.054187 0.142972
0 0.342081 0.400069 0.061484 0.120491
0 0.339620 0.540921 0.051000 0.173009
0 0.463109 0.334755 0.037875 0.128324
0 0.583766 0.461653 0.049042 0.113935
0 0.348203 0.506875 0.042844 0.142157
0 0.263286 0.430523 0.052115 0.166231
0 0.422763 0.481560 0.048682 0.123602
0 0.464435 0.527556 0.044109 0.149963
0 0.633630 0.456125 0.050198 0.136306
0 0.412573 0.414375 0.033281 0.117139
0 0.450862 0.702282 0.043547 0.172880
