0 0.471031 0.455574 0.044635 0.088981
0 0.256203 0.254551 0.047781 0.156676
0 0.565721 0.557769 0.054193 0.183130
0 0.451372 0.748630 0.045859 0.189148
0 0.614141 0.359097 0.033292 0.152750
0 0.474128 0.181648 0.043568 0.145574
0 0.474357 0.288917 0.045411 0.145870
0 0.463888 0.445338 0.030151 0.089380
0 0.519174 0.312505 0.048703 0.154343
0 0.359583 0.495764 0.035833 0.158694
0 0.680224 0.395819 0.053719 0.155194
0 0.420148 0.441565 0.081411 0.081296
0 0.332000 0.511921 0.051406 0.173009
0 0.482323 0.395352 0.044198 0.092944
0 0.570870 0.451903 0.046281 0.125917
0 0.422203 0.514190 0.058042 0.153583
0 0.324508 0.433745 0.048849 0.148009
0 0.443695 0.437741 0.048682 0.078963
0 0.485591 0.458917 0.041995 0.128519
0 0.581159 0.397838 0.044891 0.129157
0 0.466531 0.442495 0.033281 0.117139
0 0.465122 0.595046 0.043568 0.162611
