0 0.277281 0.396454 0.044635 0.095333
0 0.214445 0.315847 0.042057 0.134917
0 0.396031 0.582287 0.061146 0.129148
0 0.368695 0.786139 0.056380 0.151981
0 0.574831 0.254329 0.043307 0.097880
0 0.407521 0.112417 0.043562 0.117389
0 0.619721 0.158407 0.046078 0.100630
0 0.560424 0.243273 0.033068 0.104491
0 0.354544 0.310255 0.032526 0.101620
0 0.332182 0.369227 0.049833 0.096806
0 0.409781 0.412662 0.047323 0.111750
0 0.307169 0.400014 0.048859 0.105935
0 0.263271 0.456532 0.036667 0.110694
0 0.381372 0.300958 0.039068 0.100417
0 0.442211 0.416338 0.045484 0.139417
0 0.354409 0.380218 0.040568 0.109472
0 0.288484 0.409218 0.048969 0.099620
0 0.258648 0.480981 0.043828 0.129481
0 0.504667 0.802546 0.059448 0.164722
0 0.785909 0.591218 0.060964 0.150472
0 0.556536 0.361449 0.056010 0.126713
0 0.406430 0.643019 0.054443 0.138407
