0 0.243039 0.300056 0.036307 0.121722
0 0.243693 0.332894 0.042052 0.134917
0 0.255349 0.542375 0.059635 0.129157
0 0.148292 0.746759 0.056385 0.150352
0 0.402078 0.210153 0.047375 0.097880
0 0.417690 0.122190 0.043568 0.113435
0 0.606219 0.128884 0.034333 0.109935
0 0.572117 0.225995 0.044109 0.119361
0 0.359815 0.304847 0.034307 0.084972
0 0.355648 0.341889 0.038120 0.065704
0 0.363312 0.375032 0.037760 0.092102
0 0.334411 0.402977 0.041385 0.088750
0 0.305292 0.414440 0.053948 0.116176
0 0.443133 0.267282 0.047214 0.123917
0 0.530221 0.411944 0.041932 0.139407
0 0.413875 0.363995 0.058740 0.095843
0 0.391154 0.425185 0.055036 0.107463
0 0.355508 0.473694 0.047891 0.132630
0 0.422357 0.793852 0.052568 0.164722
0 0.712349 0.640329 0.054344 0.150472
0 0.785081 0.294657 0.051672 0.126704
0 0.394253 0.519935 0.054443 0.142130
