0 0.361742 0.855056 0.043703 0.107111
0 0.036346 0.658139 0.032151 0.055963
0 0.444654 0.620227 0.031682 0.106157
0 0.268604 0.555083 0.028771 0.102519
0 0.079971 0.586500 0.031922 0.102074
0 0.199026 0.690838 0.032750 0.114287
0 0.315828 0.581977 0.033490 0.042491
0 0.540779 0.378042 0.031047 0.082935
0 0.468406 0.663764 0.027667 0.100083
0 0.197930 0.723454 0.034245 0.103019
0 0.387471 0.489185 0.026734 0.100056
0 0.336073 0.607514 0.031937 0.100306
0 0.232724 0.671171 0.032313 0.101861
0 0.461828 0.385097 0.029615 0.088046
0 0.874690 0.533329 0.033859 0.104065
0 0.469044 0.601625 0.030995 0.090843
0 0.289919 0.614292 0.028016 0.103231
0 0.129638 0.646935 0.029464 0.111963
