0 0.225456 0.439898 0.033641 0.122185
0 0.211198 0.487009 0.034781 0.135093
0 0.379557 0.293157 0.033073 0.125870
0 0.362354 0.354093 0.031521 0.119519
0 0.355365 0.432273 0.034240 0.085472
0 0.349529 0.499690 0.038755 0.087565
0 0.357469 0.538898 0.038844 0.094574
0 0.327333 0.564213 0.043906 0.090222
0 0.298174 0.588829 0.051714 0.124954
0 0.254906 0.717606 0.047354 0.135824
0 0.471479 0.130273 0.036344 0.113139
0 0.585521 0.191435 0.031365 0.122667
0 0.520607 0.372602 0.033057 0.126463
0 0.544299 0.364037 0.033130 0.122667
0 0.487120 0.487917 0.039917 0.121648
0 0.444682 0.386111 0.034219 0.127833
0 0.439458 0.456116 0.040333 0.120565
0 0.432487 0.511931 0.043016 0.133065
0 0.382341 0.649977 0.056953 0.135880
0 0.372430 0.739731 0.035339 0.145222
0 0.735776 0.405931 0.042979 0.128213
0 0.699633 0.622069 0.043339 0.141954
