0 0.203583 0.582769 0.030063 0.078222
0 0.106805 0.509736 0.030401 0.042806
0 0.431513 0.499843 0.024255 0.075944
0 0.610216 0.351569 0.020297 0.074676
0 0.233115 0.466565 0.032115 0.086630
0 0.116849 0.475690 0.029344 0.085435
0 0.178729 0.553926 0.031906 0.076667
0 0.358747 0.450954 0.037661 0.036167
0 0.833948 0.383366 0.029969 0.079120
0 0.841768 0.372060 0.020766 0.074194
0 0.608966 0.365602 0.026682 0.075296
0 0.431237 0.505847 0.023089 0.088657
0 0.158633 0.537815 0.023276 0.083500
0 0.304148 0.466907 0.030182 0.082407
0 0.276711 0.481653 0.022016 0.077880
0 0.214513 0.532495 0.033141 0.083194
0 0.377531 0.400269 0.022865 0.063500
0 0.918969 0.439861 0.033177 0.076815
0 0.551669 0.522639 0.029172 0.088981
0 0.258414 0.494093 0.025964 0.088963
