0 0.357857 0.912440 0.044911 0.102009
0 0.425966 0.659185 0.035682 0.116833
0 0.241219 0.583741 0.030771 0.112481
0 0.033651 0.619644 0.031656 0.110528
0 0.154651 0.731407 0.035958 0.127796
0 0.289341 0.617917 0.037693 0.046407
0 0.533573 0.379866 0.027260 0.094657
0 0.465107 0.717116 0.028266 0.110028
0 0.163857 0.777162 0.030266 0.116528
0 0.377984 0.502727 0.029135 0.110028
0 0.316781 0.649847 0.034135 0.113102
0 0.199740 0.717602 0.033104 0.113259
0 0.452255 0.385667 0.030427 0.097296
0 0.907221 0.547958 0.031172 0.116157
0 0.458641 0.644148 0.031604 0.102241
0 0.257742 0.643139 0.029224 0.113556
0 0.080466 0.689977 0.032068 0.123713
