0 0.212888 0.449431 0.040286 0.126472
0 0.259591 0.506407 0.045099 0.145278
0 0.381388 0.275824 0.046214 0.121241
0 0.346219 0.350144 0.045615 0.118583
0 0.327313 0.448505 0.049573 0.092787
0 0.339781 0.509519 0.043250 0.095593
0 0.349880 0.541181 0.042656 0.105713
0 0.315190 0.569815 0.047036 0.105407
0 0.278898 0.601782 0.064443 0.115028
0 0.230724 0.741755 0.055875 0.130176
0 0.467076 0.105463 0.050141 0.117222
0 0.653992 0.117505 0.037682 0.125361
0 0.571755 0.358042 0.034927 0.135287
0 0.491617 0.276847 0.038453 0.133231
0 0.478536 0.501764 0.039917 0.121657
0 0.440547 0.379718 0.043635 0.129898
0 0.424182 0.470278 0.054167 0.086056
0 0.416859 0.538648 0.060437 0.092889
0 0.361714 0.692139 0.063844 0.100833
0 0.321339 0.756120 0.047438 0.155704
0 0.837354 0.374125 0.042354 0.135972
0 0.752763 0.675148 0.043339 0.141944
