0 0.211875 0.451259 0.039156 0.118463
0 0.192755 0.498056 0.041760 0.141852
0 0.381146 0.281185 0.045729 0.121241
0 0.347414 0.352630 0.045464 0.118593
0 0.334070 0.459597 0.052932 0.072528
0 0.339781 0.511023 0.043250 0.092583
0 0.349620 0.543417 0.042135 0.101241
0 0.314310 0.573056 0.044016 0.094444
0 0.281911 0.599106 0.064437 0.115028
0 0.236234 0.739986 0.055896 0.126639
0 0.467578 0.113491 0.053146 0.110093
0 0.620885 0.129250 0.037687 0.122593
0 0.563763 0.361667 0.033078 0.133204
0 0.544049 0.307157 0.033130 0.130648
0 0.479109 0.499944 0.039917 0.121648
0 0.443729 0.380796 0.044510 0.128778
0 0.425977 0.473560 0.059391 0.090843
0 0.418034 0.537454 0.063130 0.095278
0 0.371523 0.674523 0.064141 0.124194
0 0.352052 0.757472 0.040198 0.151630
0 0.799583 0.380931 0.050052 0.129972
0 0.758331 0.657231 0.043339 0.141944
