0 0.357154 0.808653 0.037307 0.098491
0 0.064581 0.625528 0.030370 0.051611
0 0.450336 0.593551 0.029016 0.099046
0 0.653917 0.327662 0.025448 0.070750
0 0.278096 0.529602 0.027443 0.095870
0 0.094656 0.555894 0.030479 0.092657
0 0.215060 0.656708 0.030609 0.105269
0 0.324716 0.554477 0.030693 0.039880
0 0.545979 0.361949 0.027188 0.077954
0 0.470607 0.628194 0.027266 0.093444
0 0.207096 0.686222 0.031328 0.096852
0 0.389414 0.471653 0.025130 0.093417
0 0.342555 0.576458 0.030474 0.091769
0 0.244349 0.638093 0.031781 0.094259
0 0.459443 0.371255 0.029083 0.081880
0 0.863966 0.507991 0.031266 0.096019
0 0.476380 0.569736 0.030594 0.083250
0 0.300211 0.584426 0.027214 0.096352
0 0.147677 0.617528 0.027729 0.104130
