0 0.227440 0.435361 0.033641 0.121648
0 0.214667 0.481583 0.034781 0.133815
0 0.376557 0.293940 0.033073 0.124694
0 0.364122 0.353042 0.027370 0.119620
0 0.358255 0.424208 0.031844 0.087583
0 0.352648 0.491907 0.038411 0.093222
0 0.360023 0.528306 0.037422 0.100333
0 0.329510 0.553259 0.043906 0.090222
0 0.303510 0.578907 0.050750 0.125704
0 0.261492 0.708759 0.045411 0.135630
0 0.471734 0.131755 0.034344 0.111731
0 0.579956 0.201491 0.031359 0.122667
0 0.513818 0.371088 0.032031 0.124083
0 0.538586 0.369361 0.033130 0.122667
0 0.489802 0.484222 0.039917 0.121648
0 0.448859 0.386903 0.033073 0.127731
0 0.442419 0.448333 0.037974 0.121648
0 0.433411 0.503282 0.040719 0.135843
0 0.382867 0.640560 0.053911 0.135880
0 0.373596 0.724676 0.034224 0.140296
0 0.725078 0.406565 0.042198 0.125704
0 0.688070 0.609306 0.042995 0.138704
