0 0.201786 0.449093 0.032271 0.131722
0 0.188599 0.487023 0.033719 0.148139
0 0.375820 0.275139 0.051964 0.121759
0 0.343695 0.350463 0.045411 0.112185
0 0.330531 0.458009 0.053646 0.073944
0 0.337560 0.508907 0.044359 0.098241
0 0.347823 0.540995 0.041021 0.101639
0 0.310211 0.571481 0.047339 0.100574
0 0.277854 0.604329 0.063646 0.111806
0 0.228646 0.742222 0.055875 0.130463
0 0.467034 0.105324 0.049901 0.117796
0 0.696044 0.117935 0.037682 0.122593
0 0.566068 0.359347 0.035104 0.123806
0 0.500708 0.285199 0.039781 0.133880
0 0.478326 0.500042 0.041859 0.108806
0 0.437745 0.382088 0.044667 0.127250
0 0.420831 0.467963 0.055297 0.077815
0 0.415734 0.536764 0.064385 0.092120
0 0.360742 0.689324 0.052786 0.105611
0 0.315469 0.754403 0.034583 0.157954
0 0.819565 0.377616 0.040432 0.137472
0 0.756289 0.664731 0.045755 0.150500
