0 0.197604 0.445046 0.031875 0.129833
0 0.185172 0.484333 0.033719 0.148148
0 0.374552 0.275083 0.053260 0.121870
0 0.342411 0.353852 0.045073 0.107630
0 0.330299 0.458417 0.053641 0.073944
0 0.337560 0.509426 0.044359 0.098241
0 0.347729 0.541167 0.041021 0.101630
0 0.309924 0.571653 0.047339 0.100565
0 0.277276 0.604583 0.063073 0.112315
0 0.228271 0.742296 0.055875 0.130463
0 0.467034 0.105435 0.049901 0.117796
0 0.702268 0.116861 0.037682 0.122593
0 0.564534 0.362597 0.035109 0.123806
0 0.490260 0.283060 0.039781 0.133880
0 0.477768 0.500042 0.041859 0.108806
0 0.435523 0.386324 0.047901 0.122167
0 0.420734 0.468616 0.058823 0.078454
0 0.415503 0.537588 0.064391 0.092120
0 0.357948 0.692782 0.059937 0.097657
0 0.308969 0.759745 0.035750 0.157639
0 0.833174 0.376185 0.040432 0.137481
0 0.766378 0.659023 0.045755 0.150509
