0 0.252523 0.479940 0.032411 0.128602
0 0.259227 0.503477 0.039172 0.147139
0 0.378359 0.275259 0.049365 0.121519
0 0.345630 0.346551 0.045833 0.118565
0 0.328440 0.450884 0.051349 0.087824
0 0.338893 0.508194 0.043693 0.098241
0 0.348346 0.540806 0.041359 0.102519
0 0.313451 0.571833 0.047339 0.100574
0 0.278661 0.603574 0.064448 0.111870
0 0.229388 0.742074 0.055870 0.130463
0 0.467034 0.105093 0.049901 0.117796
0 0.676651 0.118356 0.037687 0.122602
0 0.568315 0.358708 0.035036 0.128176
0 0.498987 0.283778 0.039776 0.133889
0 0.478641 0.500731 0.041083 0.113944
0 0.442742 0.376509 0.040797 0.133519
0 0.423112 0.468856 0.049953 0.080565
0 0.416854 0.538042 0.061323 0.091676
0 0.363568 0.683861 0.050385 0.112278
0 0.349313 0.750611 0.042021 0.154407
0 0.813919 0.363639 0.040432 0.137481
0 0.746492 0.674829 0.045755 0.150509
