0 0.254107 0.596653 0.025422 0.084824
0 0.121659 0.514727 0.028172 0.038491
0 0.441724 0.502833 0.025250 0.075259
0 0.608823 0.332255 0.024583 0.066343
0 0.259729 0.460866 0.024687 0.084620
0 0.114432 0.475690 0.023396 0.076824
0 0.210422 0.547130 0.026292 0.082111
0 0.354430 0.449829 0.028359 0.032194
0 0.852594 0.412468 0.025510 0.077120
0 0.849242 0.396894 0.019266 0.070546
0 0.588245 0.341750 0.026906 0.063500
0 0.442292 0.511037 0.026073 0.084352
0 0.173654 0.546981 0.026057 0.081204
0 0.334474 0.454662 0.022365 0.080417
0 0.300456 0.481199 0.026714 0.078694
0 0.238310 0.533009 0.030984 0.082870
0 0.387820 0.380301 0.022682 0.072787
0 0.883813 0.434315 0.023677 0.072204
0 0.533479 0.499880 0.021000 0.077074
0 0.281841 0.494125 0.021391 0.085009
0 0.131852 0.458384 0.022703 0.081380
0 0.158307 0.520824 0.024885 0.082704
