0 0.196846 0.465866 0.037672 0.119250
0 0.181818 0.496639 0.044844 0.136907
0 0.375112 0.279139 0.059120 0.126463
0 0.334615 0.362606 0.048240 0.112639
0 0.315367 0.441426 0.048578 0.084204
0 0.323880 0.490185 0.044375 0.113407
0 0.328953 0.525681 0.041927 0.114343
0 0.301568 0.551528 0.047990 0.120741
0 0.246828 0.607769 0.056385 0.121944
0 0.233437 0.741958 0.050604 0.136806
0 0.470234 0.116958 0.062062 0.110843
0 0.722930 0.134194 0.037495 0.114815
0 0.580740 0.411130 0.037365 0.129963
0 0.468893 0.292532 0.039776 0.133880
0 0.472198 0.498611 0.055406 0.111981
0 0.423781 0.390125 0.062479 0.113157
0 0.382747 0.456102 0.054255 0.089926
0 0.389594 0.533815 0.065948 0.116037
0 0.323357 0.671069 0.063005 0.125528
0 0.307596 0.763810 0.040464 0.141639
0 0.906482 0.362917 0.041307 0.131963
0 0.795352 0.739213 0.051130 0.147685
