0 0.359154 0.893310 0.044505 0.103713
0 0.432195 0.646199 0.034349 0.113269
0 0.250346 0.574190 0.030109 0.109157
0 0.049091 0.608597 0.031745 0.107713
0 0.169443 0.717884 0.034885 0.123287
0 0.298169 0.605940 0.036286 0.045102
0 0.535974 0.379255 0.028521 0.090750
0 0.466206 0.699329 0.028068 0.106713
0 0.175214 0.759259 0.031594 0.112019
0 0.381148 0.498213 0.028339 0.106704
0 0.323211 0.635741 0.033401 0.108833
0 0.210734 0.702125 0.032844 0.109454
0 0.455448 0.385477 0.030156 0.094213
0 0.896378 0.543083 0.032068 0.112130
0 0.462107 0.629977 0.031401 0.098435
0 0.268466 0.633523 0.028818 0.110120
0 0.096857 0.675630 0.031203 0.119796
