0 0.202076 0.449176 0.030745 0.122870
0 0.185729 0.484995 0.033719 0.148139
0 0.373917 0.275051 0.053906 0.121935
0 0.341766 0.355546 0.044906 0.105352
0 0.330185 0.458620 0.053641 0.073944
0 0.337560 0.509676 0.044359 0.098241
0 0.347682 0.541255 0.041021 0.101639
0 0.309779 0.571736 0.047339 0.100565
0 0.276987 0.604713 0.062786 0.112574
0 0.228083 0.742333 0.055875 0.130463
0 0.467034 0.105495 0.049901 0.117787
0 0.706547 0.118181 0.037687 0.122602
0 0.562862 0.366236 0.035109 0.123806
0 0.484677 0.283389 0.039781 0.133889
0 0.477487 0.500042 0.041859 0.108806
0 0.439971 0.384741 0.049516 0.119630
0 0.420685 0.468944 0.060589 0.078778
0 0.415388 0.537995 0.064391 0.092120
0 0.356737 0.691963 0.062359 0.098000
0 0.308568 0.759565 0.037208 0.157241
0 0.840060 0.373537 0.040432 0.137481
0 0.768982 0.661671 0.045755 0.150509
