0 0.244326 0.472398 0.029922 0.124889
0 0.235185 0.499162 0.034172 0.148398
0 0.377727 0.275227 0.050016 0.121583
0 0.345516 0.345861 0.045875 0.118556
0 0.329122 0.453060 0.052068 0.083491
0 0.337781 0.508194 0.044250 0.098241
0 0.348023 0.540764 0.041078 0.101787
0 0.311086 0.571343 0.047339 0.100574
0 0.278661 0.603903 0.064448 0.111213
0 0.229203 0.742111 0.055875 0.130463
0 0.467034 0.105157 0.049901 0.117796
0 0.680266 0.117287 0.037687 0.122593
0 0.567654 0.358833 0.035057 0.126815
0 0.499740 0.286653 0.039781 0.133880
0 0.478612 0.500514 0.041328 0.112343
0 0.441167 0.376218 0.040250 0.134213
0 0.422453 0.468782 0.050042 0.079120
0 0.416536 0.537542 0.062281 0.091824
0 0.365026 0.684347 0.047469 0.111306
0 0.347576 0.751606 0.043828 0.153435
0 0.813583 0.366329 0.040427 0.137472
0 0.747888 0.673306 0.045755 0.150500
