0 0.360448 0.874181 0.044104 0.105417
0 0.022229 0.674444 0.033042 0.058148
0 0.438424 0.633213 0.033016 0.109722
0 0.259474 0.564634 0.029438 0.105843
0 0.064531 0.597546 0.031833 0.104889
0 0.184237 0.704361 0.033818 0.118778
0 0.306997 0.593963 0.034891 0.043796
0 0.538378 0.378653 0.029786 0.086843
0 0.467307 0.681546 0.027865 0.103389
0 0.186570 0.741356 0.032922 0.107528
0 0.384310 0.493699 0.027536 0.103380
0 0.329641 0.621625 0.032667 0.104565
0 0.221729 0.686648 0.032573 0.105667
0 0.458638 0.385287 0.029891 0.091130
0 0.885534 0.538208 0.032964 0.108102
0 0.465578 0.615801 0.031198 0.094639
0 0.279193 0.623903 0.028417 0.106676
0 0.113247 0.661282 0.030328 0.115880
