0 0.340513 0.692731 0.027724 0.085537
0 0.124258 0.546745 0.032432 0.042843
0 0.461362 0.528338 0.025109 0.085583
0 0.636854 0.292088 0.025438 0.064361
0 0.294198 0.467690 0.026583 0.085398
0 0.120859 0.484667 0.028313 0.078556
0 0.243263 0.577417 0.026734 0.089204
0 0.344951 0.485569 0.031141 0.034602
0 0.962740 0.475537 0.020792 0.086389
0 0.949732 0.476366 0.022745 0.079083
0 0.557904 0.316361 0.022984 0.067537
0 0.472594 0.545495 0.026667 0.083491
0 0.220500 0.598250 0.026854 0.085556
0 0.390859 0.432977 0.022146 0.082417
0 0.351878 0.501241 0.028276 0.078963
0 0.264643 0.559431 0.026849 0.081954
0 0.447531 0.333065 0.027260 0.073241
0 0.843828 0.445315 0.025687 0.082537
0 0.493849 0.494551 0.029990 0.071861
0 0.317786 0.516667 0.026010 0.086019
0 0.148398 0.476968 0.030432 0.081380
0 0.180315 0.544347 0.024734 0.089491
