0 0.321659 0.645847 0.027724 0.085546
0 0.134792 0.520856 0.035677 0.039120
0 0.462435 0.503792 0.025286 0.080954
0 0.628135 0.289412 0.025438 0.064361
0 0.288271 0.449333 0.024854 0.084556
0 0.113870 0.466347 0.028313 0.078546
0 0.241398 0.555398 0.025620 0.084926
0 0.346122 0.458769 0.029589 0.032315
0 0.928948 0.444977 0.023521 0.079491
0 0.923633 0.440162 0.021443 0.076102
0 0.566331 0.307241 0.025620 0.062630
0 0.466781 0.519551 0.026667 0.083491
0 0.207008 0.569505 0.026682 0.082120
0 0.381695 0.423380 0.021182 0.080704
0 0.344484 0.473731 0.028271 0.078963
0 0.259062 0.535833 0.028229 0.082259
0 0.430542 0.322389 0.025573 0.074241
0 0.849036 0.427546 0.022896 0.080204
0 0.503078 0.474690 0.029990 0.071861
0 0.313599 0.495852 0.026010 0.086019
0 0.155060 0.451727 0.027859 0.081380
0 0.178258 0.518866 0.024078 0.084639
