0 0.211065 0.451028 0.039339 0.119741
0 0.195914 0.498056 0.048078 0.141852
0 0.381185 0.280329 0.045807 0.121250
0 0.346966 0.352630 0.045464 0.118593
0 0.333385 0.458486 0.053927 0.074750
0 0.339781 0.510782 0.043250 0.093065
0 0.349661 0.543060 0.042219 0.101954
0 0.314036 0.572583 0.044188 0.097944
0 0.281427 0.599532 0.064438 0.115028
0 0.235352 0.740269 0.055891 0.127204
0 0.467500 0.112208 0.052667 0.111231
0 0.625625 0.125282 0.037688 0.122602
0 0.567385 0.363153 0.033083 0.133213
0 0.536935 0.301213 0.033130 0.130648
0 0.478745 0.500370 0.039917 0.121648
0 0.442682 0.380796 0.044510 0.128778
0 0.424716 0.471963 0.059391 0.090852
0 0.416594 0.537454 0.063125 0.095278
0 0.370958 0.678704 0.064865 0.118185
0 0.338555 0.754269 0.040193 0.151630
0 0.807948 0.382912 0.050052 0.129972
0 0.760005 0.658713 0.043333 0.141944
