0 0.213687 0.585542 0.029135 0.079546
0 0.109776 0.510731 0.029958 0.041944
0 0.431237 0.503611 0.024818 0.073704
0 0.608747 0.348134 0.021151 0.074287
0 0.235461 0.463519 0.030630 0.086222
0 0.116365 0.475690 0.028156 0.083713
0 0.185068 0.552569 0.030781 0.077750
0 0.355620 0.450093 0.035802 0.035370
0 0.836367 0.390241 0.029078 0.078722
0 0.840760 0.378509 0.020469 0.073463
0 0.604164 0.363065 0.027807 0.074833
0 0.430828 0.507731 0.023687 0.087796
0 0.157945 0.540491 0.023828 0.083037
0 0.310214 0.464458 0.028615 0.082009
0 0.278422 0.480921 0.020448 0.077602
0 0.218471 0.529389 0.031911 0.081963
0 0.376732 0.396699 0.022828 0.065361
0 0.909198 0.437481 0.031281 0.075889
0 0.546125 0.514699 0.027542 0.086602
0 0.261076 0.493986 0.026005 0.087972
