0 0.355268 0.950699 0.045714 0.098602
0 0.413510 0.685153 0.038354 0.123954
0 0.222958 0.602843 0.032104 0.119130
0 0.125068 0.758454 0.038094 0.136796
0 0.271682 0.641880 0.040490 0.049019
0 0.528768 0.381079 0.024734 0.102472
0 0.462906 0.752685 0.028667 0.116667
0 0.141143 0.812968 0.027609 0.125546
0 0.371659 0.511759 0.030745 0.116667
0 0.303919 0.678074 0.035599 0.121630
0 0.177750 0.748556 0.033635 0.120852
0 0.445872 0.386051 0.030964 0.103454
0 0.928909 0.557704 0.029380 0.124222
0 0.451706 0.672495 0.032005 0.109824
0 0.236289 0.662370 0.030026 0.120444
0 0.047682 0.718676 0.033802 0.131537
