0 0.133784 0.538806 0.038672 0.099463
0 0.096568 0.479296 0.041750 0.127685
0 0.455469 0.375653 0.028229 0.110991
0 0.577060 0.408991 0.043057 0.103130
0 0.231164 0.424884 0.039151 0.096380
0 0.210719 0.460227 0.051135 0.116565
0 0.235352 0.517139 0.046286 0.109222
0 0.164003 0.557523 0.042641 0.101546
0 0.434477 0.554111 0.043755 0.104185
0 0.672810 0.205546 0.046297 0.101093
0 0.793214 0.210639 0.037375 0.099315
0 0.612951 0.421403 0.038401 0.111528
0 0.478477 0.366259 0.029651 0.104704
0 0.288714 0.536981 0.042635 0.113074
0 0.268135 0.429731 0.038021 0.109796
0 0.274414 0.512366 0.041224 0.121157
0 0.151958 0.588481 0.046938 0.130611
0 0.434789 0.577250 0.034870 0.124185
0 0.971328 0.424269 0.031729 0.107352
0 0.694612 0.625847 0.035370 0.117454
