0 0.244687 0.475477 0.039542 0.130583
0 0.301042 0.516963 0.043167 0.146130
0 0.379883 0.275329 0.047807 0.121380
0 0.345904 0.348208 0.045734 0.118565
0 0.326802 0.445671 0.049625 0.098231
0 0.339781 0.508676 0.043250 0.097278
0 0.349125 0.540903 0.042031 0.104306
0 0.315341 0.571157 0.047339 0.102722
0 0.278659 0.602787 0.064443 0.113444
0 0.229833 0.741991 0.055875 0.130463
0 0.467034 0.104963 0.049901 0.117796
0 0.667487 0.121690 0.037682 0.122602
0 0.569904 0.358398 0.034984 0.131463
0 0.497180 0.276889 0.039776 0.133889
0 0.478708 0.501250 0.040500 0.117796
0 0.442742 0.377829 0.042109 0.131843
0 0.424292 0.469745 0.050521 0.082639
0 0.417628 0.539241 0.059026 0.091352
0 0.361854 0.687065 0.057583 0.105870
0 0.346383 0.759611 0.047026 0.165222
0 0.821448 0.364833 0.040427 0.137481
0 0.743148 0.678491 0.045755 0.150500
