0 0.202708 0.452250 0.034385 0.121019
0 0.190880 0.492727 0.040021 0.135102
0 0.372906 0.275833 0.054042 0.121944
0 0.289961 0.402505 0.045370 0.126361
0 0.329633 0.459602 0.053641 0.073944
0 0.337560 0.510907 0.044359 0.098241
0 0.347451 0.541662 0.041026 0.101639
0 0.309086 0.572148 0.047339 0.100574
0 0.275596 0.605329 0.061411 0.113806
0 0.227193 0.742509 0.055875 0.130463
0 0.467034 0.105769 0.049901 0.117796
0 0.716070 0.119949 0.037276 0.123324
0 0.568385 0.468898 0.045521 0.140611
0 0.474667 0.287204 0.039781 0.133889
0 0.475664 0.500829 0.041859 0.108806
0 0.436885 0.392171 0.051583 0.112250
0 0.420677 0.470579 0.060937 0.078843
0 0.414836 0.539968 0.064391 0.092120
0 0.356495 0.692583 0.062844 0.098074
0 0.307323 0.759912 0.043281 0.147157
0 0.858471 0.367963 0.040432 0.137481
0 0.777560 0.698880 0.045755 0.150500
