0 0.197909 0.445421 0.032526 0.133565
0 0.186661 0.485412 0.033719 0.148139
0 0.375440 0.275125 0.052349 0.121787
0 0.343310 0.351481 0.045307 0.110815
0 0.330461 0.458130 0.053641 0.073944
0 0.337560 0.509065 0.044359 0.098241
0 0.347797 0.541046 0.041021 0.101630
0 0.310128 0.571532 0.047339 0.100565
0 0.277680 0.604403 0.063474 0.111954
0 0.228531 0.742241 0.055875 0.130463
0 0.467034 0.105361 0.049901 0.117796
0 0.697443 0.116866 0.037687 0.122602
0 0.565971 0.359514 0.035109 0.123806
0 0.497716 0.283995 0.039776 0.133880
0 0.478159 0.500042 0.041859 0.108806
0 0.437078 0.383361 0.045635 0.125722
0 0.420802 0.468162 0.056354 0.078009
0 0.415664 0.537014 0.064391 0.092120
0 0.359828 0.691380 0.055396 0.101500
0 0.312380 0.757153 0.034583 0.157954
0 0.823617 0.377958 0.040432 0.137472
0 0.760289 0.660819 0.045755 0.150509
