0 0.250086 0.479412 0.037620 0.130954
0 0.292573 0.513204 0.043167 0.146130
0 0.379503 0.275310 0.048193 0.121417
0 0.345833 0.347792 0.045760 0.118565
0 0.327211 0.446977 0.050057 0.095639
0 0.339781 0.508495 0.043250 0.097639
0 0.348930 0.540880 0.041859 0.103852
0 0.315341 0.571560 0.047339 0.101917
0 0.278659 0.602981 0.064443 0.113056
0 0.229724 0.742009 0.055875 0.130463
0 0.467034 0.104991 0.049901 0.117796
0 0.669839 0.120759 0.037687 0.122593
0 0.569505 0.358477 0.035000 0.130639
0 0.497630 0.278611 0.039781 0.133889
0 0.478693 0.501120 0.040646 0.116833
0 0.443214 0.377421 0.041781 0.132269
0 0.424047 0.469435 0.050281 0.082296
0 0.417435 0.538940 0.059599 0.091435
0 0.362060 0.685718 0.055755 0.108565
0 0.348003 0.755940 0.044609 0.161454
0 0.818727 0.363579 0.040432 0.137472
0 0.743987 0.677574 0.045755 0.150500
