0 0.355268 0.967231 0.045714 0.065537
0 0.405836 0.704917 0.040495 0.132389
0 0.213466 0.620880 0.033797 0.123796
0 0.105794 0.780241 0.042578 0.143185
0 0.260039 0.661023 0.041172 0.053287
0 0.527833 0.388838 0.026187 0.109028
0 0.466047 0.785935 0.032625 0.124685
0 0.127250 0.841255 0.034490 0.131102
0 0.368229 0.517657 0.033146 0.123833
0 0.295797 0.703037 0.038219 0.129722
0 0.164638 0.776593 0.036786 0.125926
0 0.440591 0.393199 0.032682 0.109398
0 0.944505 0.574241 0.035781 0.124241
0 0.449828 0.696824 0.034323 0.118981
0 0.224346 0.678421 0.031651 0.127602
0 0.030948 0.731528 0.031115 0.131537
