0 0.268703 0.603458 0.024813 0.086083
0 0.125578 0.515833 0.028521 0.037630
0 0.446242 0.502296 0.025609 0.076111
0 0.610453 0.324681 0.025437 0.064361
0 0.267565 0.458944 0.023203 0.084222
0 0.110716 0.475917 0.022818 0.075444
0 0.218497 0.547028 0.025880 0.083778
0 0.353102 0.450106 0.026495 0.031398
0 0.862857 0.420083 0.024620 0.076722
0 0.857763 0.404495 0.019161 0.070324
0 0.583365 0.334310 0.026677 0.060676
0 0.446990 0.512208 0.026667 0.083491
0 0.178706 0.550551 0.027578 0.080750
0 0.344367 0.448556 0.020797 0.080019
0 0.309341 0.479954 0.028276 0.078963
0 0.241177 0.533009 0.030979 0.082870
0 0.393826 0.370884 0.022870 0.074639
0 0.875154 0.432838 0.021776 0.072083
0 0.527922 0.493917 0.020427 0.074407
0 0.289313 0.493963 0.020813 0.084444
0 0.138115 0.456306 0.022698 0.081370
0 0.160872 0.519889 0.025589 0.082704
