0 0.212279 0.451370 0.039068 0.117815
0 0.191177 0.498056 0.038604 0.141852
0 0.381125 0.281611 0.045688 0.121241
0 0.347638 0.352630 0.045464 0.118593
0 0.334411 0.460153 0.052437 0.071417
0 0.339781 0.511144 0.043250 0.092343
0 0.349599 0.543597 0.042094 0.100880
0 0.314445 0.573292 0.043932 0.092694
0 0.282151 0.598894 0.064438 0.115028
0 0.236677 0.739847 0.055896 0.126361
0 0.467620 0.114139 0.053385 0.109519
0 0.618516 0.131231 0.037688 0.122593
0 0.561951 0.360921 0.033078 0.133213
0 0.547607 0.310130 0.033130 0.130648
0 0.479289 0.499731 0.039911 0.121648
0 0.444250 0.380796 0.044510 0.128778
0 0.426607 0.474361 0.059391 0.090852
0 0.418753 0.537454 0.063130 0.095278
0 0.371807 0.672435 0.063781 0.127204
0 0.358799 0.759074 0.040193 0.151630
0 0.795401 0.379940 0.050052 0.129972
0 0.757497 0.656486 0.043339 0.141954
