0 0.204909 0.449315 0.030526 0.121481
0 0.185839 0.486505 0.033719 0.148139
0 0.373445 0.275352 0.054036 0.121944
0 0.299500 0.426657 0.048198 0.117574
0 0.329956 0.459028 0.053641 0.073944
0 0.337560 0.510194 0.044359 0.098241
0 0.347583 0.541421 0.041021 0.101639
0 0.309492 0.571907 0.047339 0.100574
0 0.276409 0.604968 0.062214 0.113083
0 0.227714 0.742407 0.055875 0.130463
0 0.467034 0.105611 0.049901 0.117796
0 0.711758 0.118444 0.037682 0.122593
0 0.556326 0.430347 0.035109 0.123806
0 0.479299 0.285523 0.039776 0.133880
0 0.476742 0.500347 0.041859 0.108806
0 0.436609 0.389597 0.051406 0.112935
0 0.420677 0.469620 0.060937 0.078833
0 0.415159 0.538819 0.064391 0.092120
0 0.356495 0.692106 0.062844 0.098065
0 0.307760 0.759190 0.040125 0.156454
0 0.839888 0.368185 0.040432 0.137481
0 0.769503 0.688380 0.045755 0.150500
