0 0.208039 0.450167 0.040016 0.124556
0 0.226708 0.502551 0.050885 0.142713
0 0.381328 0.277111 0.046094 0.121241
0 0.346354 0.350972 0.045563 0.118593
0 0.329656 0.451551 0.050292 0.087324
0 0.339781 0.509880 0.043250 0.094870
0 0.349818 0.541718 0.042531 0.104639
0 0.314737 0.570620 0.046130 0.103796
0 0.279622 0.601139 0.064443 0.115019
0 0.232044 0.741333 0.055880 0.129333
0 0.467195 0.107394 0.050859 0.115509
0 0.647128 0.119384 0.037682 0.126731
0 0.572549 0.357889 0.034901 0.136926
0 0.500826 0.282944 0.034464 0.131296
0 0.477813 0.501764 0.039917 0.121657
0 0.439604 0.380528 0.044292 0.129056
0 0.424047 0.470440 0.055906 0.087657
0 0.416411 0.538250 0.061333 0.093685
0 0.361708 0.694227 0.066365 0.099213
0 0.316589 0.756366 0.043823 0.151861
0 0.830844 0.380227 0.048125 0.131472
0 0.754234 0.673176 0.043333 0.141944
