0 0.204753 0.449699 0.031120 0.121417
0 0.186698 0.487657 0.034760 0.145852
0 0.373328 0.275454 0.054042 0.121944
0 0.286242 0.453319 0.044599 0.116454
0 0.329885 0.459157 0.053646 0.073944
0 0.337560 0.510343 0.044359 0.098241
0 0.347557 0.541477 0.041021 0.101639
0 0.309404 0.571958 0.047339 0.100565
0 0.276234 0.605046 0.062042 0.113241
0 0.227602 0.742426 0.055870 0.130463
0 0.467034 0.105639 0.049901 0.117796
0 0.712695 0.117968 0.037568 0.122806
0 0.556607 0.456227 0.039203 0.129954
0 0.478310 0.285755 0.039776 0.133880
0 0.476510 0.500449 0.041865 0.108806
0 0.436253 0.390477 0.051578 0.112250
0 0.420677 0.469829 0.060937 0.078843
0 0.415089 0.539060 0.064385 0.092120
0 0.356495 0.692208 0.062844 0.098065
0 0.307521 0.759079 0.041000 0.156213
0 0.840919 0.368111 0.040432 0.137481
0 0.770367 0.691699 0.045755 0.150509
