0 0.221250 0.460750 0.030927 0.127222
0 0.206859 0.492819 0.033500 0.148343
0 0.376836 0.275185 0.050922 0.121667
0 0.344721 0.347755 0.045682 0.115824
0 0.330076 0.456106 0.053068 0.077417
0 0.337560 0.508500 0.044359 0.098241
0 0.347901 0.540861 0.041021 0.101630
0 0.310440 0.571343 0.047339 0.100574
0 0.278315 0.604120 0.064099 0.111389
0 0.228943 0.742167 0.055875 0.130463
0 0.467034 0.105231 0.049901 0.117796
0 0.688901 0.118444 0.037687 0.122593
0 0.566727 0.359014 0.035089 0.124898
0 0.502773 0.286968 0.039776 0.133880
0 0.478573 0.500213 0.041667 0.110093
0 0.439521 0.378704 0.042083 0.131315
0 0.421451 0.468125 0.052359 0.078065
0 0.416083 0.536838 0.063625 0.092009
0 0.363305 0.685722 0.048339 0.111111
0 0.330641 0.751171 0.038427 0.156065
0 0.813904 0.373042 0.040432 0.137472
0 0.749836 0.671171 0.045755 0.150509
