0 0.196615 0.444190 0.032604 0.134176
0 0.186016 0.484875 0.033719 0.148139
0 0.375312 0.275116 0.052479 0.121806
0 0.343180 0.351819 0.045276 0.110361
0 0.330440 0.458167 0.053641 0.073944
0 0.337560 0.509120 0.044359 0.098241
0 0.347786 0.541065 0.041021 0.101630
0 0.310096 0.571546 0.047339 0.100574
0 0.277620 0.604431 0.063417 0.112009
0 0.228495 0.742250 0.055875 0.130463
0 0.467034 0.105370 0.049901 0.117796
0 0.697911 0.116509 0.037688 0.122593
0 0.565940 0.359569 0.035109 0.123806
0 0.496721 0.283597 0.039776 0.133880
0 0.478102 0.500042 0.041859 0.108806
0 0.436854 0.383782 0.045958 0.125213
0 0.420792 0.468227 0.056708 0.078065
0 0.415643 0.537097 0.064391 0.092120
0 0.359523 0.692065 0.056266 0.100130
0 0.311349 0.758065 0.034583 0.157944
0 0.824966 0.378074 0.040432 0.137481
0 0.761622 0.659519 0.045755 0.150500
