0 0.245964 0.473907 0.030417 0.125630
0 0.239992 0.500028 0.035172 0.148148
0 0.377854 0.275236 0.049885 0.121565
0 0.345539 0.346000 0.045870 0.118556
0 0.328987 0.452625 0.051922 0.084361
0 0.338003 0.508194 0.044141 0.098241
0 0.348089 0.540773 0.041135 0.101935
0 0.311560 0.571440 0.047339 0.100565
0 0.278661 0.603838 0.064448 0.111343
0 0.229240 0.742102 0.055875 0.130463
0 0.467034 0.105139 0.049901 0.117796
0 0.679542 0.117500 0.037688 0.122593
0 0.567784 0.358810 0.035057 0.127083
0 0.499589 0.286079 0.039781 0.133880
0 0.478617 0.500560 0.041276 0.112657
0 0.441482 0.376278 0.040359 0.134074
0 0.422586 0.468796 0.050026 0.079407
0 0.416599 0.537644 0.062094 0.091787
0 0.364734 0.684250 0.048052 0.111500
0 0.347924 0.751407 0.043464 0.153630
0 0.813651 0.365792 0.040427 0.137472
0 0.747607 0.673611 0.045755 0.150500
