0 0.214096 0.449278 0.037411 0.120352
0 0.191266 0.497338 0.036354 0.143287
0 0.382602 0.280500 0.041891 0.125815
0 0.348091 0.352630 0.045464 0.118593
0 0.337482 0.460074 0.049891 0.070611
0 0.340591 0.511796 0.041901 0.091981
0 0.350667 0.544171 0.041260 0.099731
0 0.315057 0.573407 0.043896 0.091333
0 0.285581 0.599741 0.063224 0.115981
0 0.237906 0.739773 0.053333 0.129102
0 0.468984 0.116625 0.054052 0.109250
0 0.612341 0.138708 0.035786 0.122620
0 0.557534 0.362713 0.033078 0.133204
0 0.551273 0.319542 0.033130 0.128250
0 0.481536 0.498426 0.039917 0.121648
0 0.445292 0.380796 0.044510 0.128778
0 0.429620 0.473204 0.054802 0.096852
0 0.420935 0.536731 0.060828 0.099111
0 0.373031 0.669593 0.063063 0.130852
0 0.366224 0.761074 0.040198 0.151630
0 0.784687 0.384190 0.050052 0.129972
0 0.750464 0.652995 0.043333 0.141954
