0 0.214102 0.457370 0.031432 0.128259
0 0.199021 0.490991 0.033615 0.148241
0 0.376583 0.275176 0.051187 0.121685
0 0.344466 0.348431 0.045609 0.114917
0 0.330349 0.456972 0.053354 0.075685
0 0.337560 0.508602 0.044359 0.098241
0 0.347883 0.540894 0.041026 0.101639
0 0.310383 0.571380 0.047339 0.100574
0 0.278198 0.604171 0.063990 0.111491
0 0.228865 0.742176 0.055875 0.130463
0 0.467034 0.105259 0.049901 0.117796
0 0.691539 0.118898 0.037682 0.122593
0 0.566461 0.359065 0.035099 0.124352
0 0.503734 0.286884 0.039781 0.133880
0 0.478560 0.500130 0.041766 0.109444
0 0.439076 0.379546 0.042724 0.130296
0 0.421159 0.467917 0.053120 0.077815
0 0.415956 0.536644 0.064005 0.092065
0 0.362633 0.686153 0.048818 0.111102
0 0.325112 0.750958 0.036505 0.157009
0 0.814031 0.375097 0.040427 0.137472
0 0.750396 0.670560 0.045760 0.150509
