0 0.203453 0.451324 0.033198 0.121167
0 0.189703 0.491153 0.038396 0.137843
0 0.373060 0.275694 0.054036 0.121944
0 0.285628 0.429894 0.042099 0.132361
0 0.329724 0.459444 0.053646 0.073944
0 0.337560 0.510704 0.044359 0.098241
0 0.347490 0.541593 0.041021 0.101630
0 0.309203 0.572079 0.047344 0.100565
0 0.275831 0.605227 0.061641 0.113602
0 0.227341 0.742481 0.055870 0.130463
0 0.467034 0.105722 0.049901 0.117796
0 0.714292 0.116292 0.037167 0.123528
0 0.557487 0.488847 0.038495 0.141028
0 0.476500 0.285755 0.039781 0.133880
0 0.475971 0.500690 0.041859 0.108806
0 0.436656 0.391551 0.051583 0.112250
0 0.420677 0.470306 0.060937 0.078833
0 0.414927 0.539634 0.064385 0.092120
0 0.356495 0.692449 0.062844 0.098065
0 0.306956 0.758819 0.043036 0.155657
0 0.845141 0.369718 0.040427 0.137472
0 0.773404 0.693139 0.045755 0.150500
