0 0.201180 0.448347 0.030974 0.124269
0 0.185617 0.484866 0.033724 0.148139
0 0.374044 0.275060 0.053776 0.121917
0 0.341896 0.355208 0.044938 0.105806
0 0.330208 0.458583 0.053646 0.073944
0 0.337560 0.509630 0.044359 0.098241
0 0.347690 0.541236 0.041026 0.101639
0 0.309810 0.571722 0.047339 0.100574
0 0.277042 0.604685 0.062844 0.112519
0 0.228125 0.742324 0.055875 0.130463
0 0.467034 0.105481 0.049901 0.117796
0 0.705693 0.117917 0.037687 0.122593
0 0.563195 0.365505 0.035109 0.123806
0 0.485794 0.283324 0.039776 0.133889
0 0.477544 0.500042 0.041859 0.108806
0 0.439083 0.385056 0.049187 0.120130
0 0.420695 0.468875 0.060234 0.078713
0 0.415411 0.537912 0.064385 0.092120
0 0.356979 0.692125 0.061875 0.097935
0 0.308646 0.759597 0.036917 0.157324
0 0.838685 0.374065 0.040432 0.137481
0 0.768461 0.661144 0.045755 0.150509
