0 0.193422 0.474856 0.038573 0.118102
0 0.168302 0.491523 0.045125 0.137602
0 0.381690 0.281444 0.059609 0.129852
0 0.356721 0.362356 0.051172 0.106176
0 0.300344 0.430532 0.044781 0.091898
0 0.312229 0.474870 0.044385 0.124778
0 0.315411 0.515088 0.042604 0.123880
0 0.295099 0.538949 0.048208 0.130935
0 0.225555 0.609463 0.052922 0.127778
0 0.245133 0.731630 0.047495 0.137611
0 0.478419 0.121287 0.067339 0.105630
0 0.725367 0.138074 0.037349 0.108981
0 0.582812 0.399755 0.038740 0.121972
0 0.466484 0.293611 0.039781 0.133889
0 0.459578 0.496519 0.060844 0.111870
0 0.401703 0.390509 0.063990 0.115333
0 0.354302 0.444884 0.049240 0.098231
0 0.363977 0.529519 0.062391 0.129537
0 0.291693 0.654009 0.057844 0.138704
0 0.309521 0.754875 0.039552 0.148269
0 0.916745 0.364083 0.043917 0.124852
0 0.793562 0.743963 0.055167 0.145574
