0 0.209654 0.450630 0.039651 0.121981
0 0.205266 0.499343 0.052812 0.141852
0 0.381253 0.278824 0.045943 0.121241
0 0.346536 0.352074 0.045500 0.118593
0 0.332784 0.455620 0.051245 0.080056
0 0.339781 0.510361 0.043250 0.093907
0 0.349734 0.542431 0.042365 0.103213
0 0.314133 0.571694 0.044922 0.101648
0 0.280586 0.600282 0.064443 0.115028
0 0.233807 0.740764 0.055885 0.128194
0 0.467357 0.109958 0.051828 0.113231
0 0.635443 0.122310 0.037688 0.122602
0 0.571188 0.361694 0.033802 0.134907
0 0.520518 0.292046 0.033130 0.130648
0 0.478115 0.501120 0.039917 0.121648
0 0.440854 0.380796 0.044510 0.128778
0 0.423862 0.470653 0.058224 0.089787
0 0.415813 0.537722 0.062531 0.094741
0 0.366599 0.687213 0.066125 0.107685
0 0.324099 0.754231 0.041167 0.151204
0 0.820000 0.383542 0.050052 0.129972
0 0.759091 0.664111 0.043339 0.141944
