0 0.118648 0.554935 0.036047 0.086426
0 0.101383 0.480120 0.040026 0.120333
0 0.459245 0.412231 0.024833 0.103667
0 0.607591 0.405162 0.034620 0.102824
0 0.230214 0.441884 0.033802 0.089954
0 0.189260 0.462444 0.048583 0.111519
0 0.233029 0.518986 0.042401 0.099769
0 0.155052 0.545870 0.037854 0.097000
0 0.452068 0.499565 0.031771 0.085204
0 0.725503 0.235509 0.046703 0.098556
0 0.814120 0.240380 0.037719 0.091630
0 0.630521 0.409241 0.034958 0.106630
0 0.479977 0.397083 0.030328 0.104704
0 0.248185 0.549819 0.039964 0.106657
0 0.266659 0.456329 0.043672 0.109102
0 0.272487 0.508940 0.036078 0.112009
0 0.135904 0.571556 0.039641 0.123481
0 0.459680 0.531472 0.035797 0.111815
0 0.984633 0.439991 0.030734 0.107352
0 0.662503 0.607019 0.035547 0.107981
