0 0.208948 0.449898 0.040146 0.125519
0 0.243151 0.504477 0.047990 0.143991
0 0.381357 0.276472 0.046151 0.121241
0 0.346289 0.350560 0.045589 0.118583
0 0.328484 0.450028 0.049937 0.090056
0 0.339781 0.509699 0.043250 0.095231
0 0.349849 0.541449 0.042594 0.105176
0 0.314964 0.570218 0.046583 0.104602
0 0.279260 0.601458 0.064437 0.115028
0 0.231383 0.741546 0.055880 0.129759
0 0.467135 0.106426 0.050500 0.116370
0 0.650560 0.116718 0.037682 0.129491
0 0.572154 0.357963 0.034911 0.136111
0 0.496221 0.279894 0.036453 0.132269
0 0.478177 0.501764 0.039917 0.121657
0 0.440076 0.380125 0.043964 0.129472
0 0.424112 0.470356 0.055036 0.086861
0 0.416635 0.538449 0.060885 0.093287
0 0.361708 0.693181 0.065104 0.100028
0 0.317018 0.755255 0.045630 0.153787
0 0.834099 0.377176 0.045240 0.133722
0 0.752664 0.675644 0.043339 0.141954
