0 0.208849 0.450403 0.039833 0.123269
0 0.212255 0.500620 0.052813 0.141852
0 0.381289 0.277972 0.046016 0.121241
0 0.346448 0.351528 0.045531 0.118593
0 0.331221 0.453583 0.050766 0.083685
0 0.339781 0.510120 0.043250 0.094389
0 0.349776 0.542074 0.042448 0.103926
0 0.314435 0.571157 0.045526 0.102722
0 0.280104 0.600708 0.064437 0.115028
0 0.232927 0.741051 0.055885 0.128769
0 0.467276 0.108676 0.051344 0.114370
0 0.641706 0.122310 0.037682 0.122602
0 0.572273 0.359125 0.034526 0.136620
0 0.509435 0.287333 0.033130 0.130648
0 0.477755 0.501546 0.039917 0.121648
0 0.439813 0.380796 0.044510 0.128778
0 0.423956 0.470546 0.057068 0.088722
0 0.416112 0.537986 0.061932 0.094213
0 0.363336 0.692352 0.066849 0.101685
0 0.319766 0.756588 0.042135 0.150787
0 0.825781 0.382690 0.050052 0.129972
0 0.756922 0.668398 0.043333 0.141944
