0 0.398159 0.724681 0.042641 0.140824
0 0.203974 0.638917 0.035490 0.128463
0 0.086521 0.802023 0.047063 0.149565
0 0.248396 0.680162 0.041854 0.057546
0 0.526898 0.396597 0.027641 0.115583
0 0.469188 0.819190 0.036583 0.132694
0 0.113354 0.869542 0.041365 0.136657
0 0.364799 0.523556 0.035547 0.131000
0 0.287674 0.728005 0.040839 0.137824
0 0.151526 0.804630 0.039927 0.131000
0 0.435310 0.400352 0.034391 0.115352
0 0.960104 0.590778 0.042188 0.124241
0 0.447951 0.721157 0.036641 0.128130
0 0.212401 0.694477 0.033281 0.134769
0 0.014214 0.744389 0.028427 0.131537
