0 0.202154 0.452949 0.035276 0.120917
0 0.191625 0.493806 0.041135 0.133500
0 0.372792 0.275935 0.054042 0.121944
0 0.300755 0.385829 0.043969 0.124176
0 0.329562 0.459731 0.053646 0.073944
0 0.337560 0.511065 0.044359 0.098241
0 0.347422 0.541713 0.041021 0.101630
0 0.309003 0.572199 0.047339 0.100565
0 0.275422 0.605407 0.061240 0.113963
0 0.227081 0.742528 0.055870 0.130463
0 0.467034 0.105806 0.049901 0.117796
0 0.717617 0.123838 0.037453 0.123009
0 0.572497 0.450639 0.041234 0.140611
0 0.473091 0.288657 0.039776 0.133889
0 0.475435 0.500931 0.041859 0.108806
0 0.437057 0.392634 0.051583 0.112250
0 0.420677 0.470782 0.060937 0.078843
0 0.414766 0.540208 0.064385 0.092120
0 0.356495 0.692685 0.062844 0.098074
0 0.307771 0.761037 0.043229 0.138741
0 0.871198 0.365977 0.040427 0.137472
0 0.781284 0.704417 0.045755 0.150500
