0 0.209857 0.450685 0.039609 0.121667
0 0.203521 0.499019 0.052812 0.141852
0 0.381242 0.279042 0.045922 0.121250
0 0.346560 0.352213 0.045484 0.118593
0 0.333177 0.456125 0.051365 0.079139
0 0.339781 0.510421 0.043250 0.093787
0 0.349724 0.542523 0.042344 0.103028
0 0.314057 0.571829 0.044771 0.101380
0 0.280706 0.600176 0.064443 0.115019
0 0.234029 0.740694 0.055891 0.128056
0 0.467378 0.110282 0.051943 0.112935
0 0.633878 0.122310 0.037682 0.122602
0 0.570917 0.362338 0.033625 0.134491
0 0.523289 0.293222 0.033130 0.130648
0 0.478203 0.501019 0.039917 0.121648
0 0.441115 0.380796 0.044510 0.128778
0 0.423841 0.470681 0.058516 0.090046
0 0.415740 0.537653 0.062677 0.094880
0 0.367414 0.685931 0.065943 0.109194
0 0.325180 0.753639 0.040922 0.151315
0 0.818557 0.383759 0.050052 0.129963
0 0.759633 0.663042 0.043339 0.141954
