0 0.218711 0.443773 0.033641 0.126509
0 0.195297 0.494704 0.034781 0.145352
0 0.385339 0.280144 0.033073 0.135306
0 0.349727 0.352792 0.045214 0.118694
0 0.345482 0.456250 0.043380 0.071741
0 0.343266 0.511681 0.038750 0.090991
0 0.353471 0.545583 0.039307 0.097148
0 0.317641 0.573704 0.043906 0.090222
0 0.293841 0.601505 0.059422 0.118972
0 0.241898 0.737310 0.047349 0.135824
0 0.472151 0.123125 0.053208 0.109713
0 0.599010 0.158028 0.031365 0.122667
0 0.546154 0.369111 0.033078 0.132463
0 0.554419 0.340912 0.033130 0.122657
0 0.486635 0.494769 0.039917 0.121648
0 0.446849 0.381389 0.043365 0.128667
0 0.436312 0.468074 0.043677 0.111944
0 0.425992 0.532472 0.054078 0.110815
0 0.376307 0.663685 0.061271 0.135889
0 0.375776 0.762509 0.039656 0.153222
0 0.761174 0.397028 0.049266 0.130926
0 0.731008 0.644407 0.043339 0.141944
