0 0.215172 0.447843 0.036333 0.122278
0 0.191849 0.496861 0.035906 0.144241
0 0.383591 0.279616 0.039370 0.128861
0 0.348315 0.352630 0.045464 0.118593
0 0.339414 0.459838 0.048359 0.070435
0 0.341130 0.512190 0.041000 0.091824
0 0.351385 0.544495 0.040719 0.099083
0 0.315419 0.573407 0.043901 0.091019
0 0.287784 0.600384 0.062411 0.116620
0 0.238583 0.739773 0.051625 0.131028
0 0.469885 0.118065 0.054417 0.109259
0 0.609016 0.143037 0.034521 0.122630
0 0.555195 0.364148 0.033078 0.133204
0 0.552534 0.324819 0.033130 0.126657
0 0.482979 0.497620 0.039917 0.121648
0 0.445813 0.380796 0.044510 0.128778
0 0.431422 0.472167 0.051740 0.100852
0 0.422146 0.536245 0.059292 0.101657
0 0.373753 0.668394 0.062703 0.132287
0 0.368922 0.761870 0.040198 0.151630
0 0.778935 0.387356 0.050047 0.129972
0 0.746055 0.650917 0.043339 0.141944
