0 0.223794 0.588319 0.028203 0.080861
0 0.112745 0.511731 0.029510 0.041074
0 0.433859 0.503417 0.024927 0.074093
0 0.608766 0.344167 0.022010 0.072296
0 0.241529 0.462856 0.029141 0.085824
0 0.115883 0.475690 0.026964 0.081991
0 0.191409 0.551208 0.029661 0.078843
0 0.355323 0.450028 0.033937 0.034574
0 0.840422 0.395801 0.028188 0.078324
0 0.842880 0.383106 0.020167 0.072731
0 0.600185 0.357736 0.027578 0.071991
0 0.433693 0.508560 0.024281 0.086935
0 0.161872 0.542116 0.024391 0.082583
0 0.316279 0.462009 0.027057 0.081611
0 0.283930 0.480986 0.022016 0.077880
0 0.223432 0.530296 0.031677 0.082185
0 0.379505 0.392597 0.022792 0.067213
0 0.902852 0.436690 0.029380 0.074972
0 0.542964 0.510995 0.025906 0.084213
0 0.266266 0.494023 0.024854 0.087231
0 0.118174 0.461361 0.022703 0.081370
0 0.154458 0.522227 0.023813 0.082694
