0 0.209453 0.450569 0.039698 0.122306
0 0.207016 0.499657 0.052813 0.141852
0 0.381260 0.278611 0.045958 0.121241
0 0.346513 0.351940 0.045505 0.118583
0 0.332393 0.455111 0.051130 0.080963
0 0.339781 0.510301 0.043250 0.094028
0 0.349745 0.542343 0.042385 0.103389
0 0.314208 0.571560 0.045073 0.101917
0 0.280464 0.600389 0.064438 0.115019
0 0.233589 0.740838 0.055885 0.128343
0 0.467336 0.109639 0.051703 0.113519
0 0.637008 0.122310 0.037682 0.122602
0 0.571461 0.361051 0.033984 0.135343
0 0.517747 0.290861 0.033130 0.130648
0 0.478026 0.501231 0.039917 0.121648
0 0.440594 0.380796 0.044510 0.128778
0 0.423885 0.470630 0.057938 0.089519
0 0.415888 0.537787 0.062380 0.094611
0 0.365784 0.688500 0.066307 0.106185
0 0.323016 0.754819 0.041406 0.151102
0 0.821448 0.383329 0.050052 0.129972
0 0.758549 0.665185 0.043339 0.141944
