0 0.297372 0.625833 0.026755 0.085722
0 0.131266 0.516519 0.033333 0.037630
0 0.457109 0.500005 0.026115 0.078417
0 0.620099 0.303069 0.025437 0.064361
0 0.278180 0.451398 0.023203 0.084222
0 0.101615 0.472250 0.026479 0.077519
0 0.230591 0.552519 0.027297 0.084926
0 0.346930 0.452162 0.026495 0.031398
0 0.900104 0.432435 0.024615 0.076722
0 0.896159 0.422519 0.020339 0.073389
0 0.575901 0.319787 0.026677 0.060667
0 0.457990 0.514264 0.026667 0.083491
0 0.189195 0.560847 0.029505 0.080750
0 0.366302 0.429343 0.020792 0.080019
0 0.329607 0.472065 0.028276 0.078963
0 0.249773 0.533009 0.030984 0.082870
0 0.413221 0.338977 0.024224 0.074639
0 0.861258 0.428718 0.021776 0.076880
0 0.513547 0.480375 0.026802 0.072713
0 0.303010 0.492773 0.024281 0.085491
0 0.148341 0.449787 0.022703 0.081370
0 0.169362 0.516727 0.025734 0.082694
