0 0.123216 0.550870 0.038745 0.091111
0 0.098281 0.481347 0.040885 0.124009
0 0.459661 0.392713 0.027448 0.107333
0 0.594628 0.407074 0.038839 0.102981
0 0.230687 0.433389 0.036479 0.093167
0 0.199638 0.461444 0.050568 0.113815
0 0.235703 0.518412 0.042990 0.106324
0 0.160104 0.552102 0.041396 0.100093
0 0.448229 0.524181 0.037990 0.089361
0 0.700484 0.220421 0.046615 0.100843
0 0.804820 0.225301 0.037547 0.095472
0 0.622081 0.413685 0.036682 0.109074
0 0.480841 0.381468 0.029984 0.104713
0 0.270576 0.546370 0.042203 0.111704
0 0.268810 0.442856 0.043672 0.109102
0 0.273388 0.510653 0.038651 0.116583
0 0.140182 0.580532 0.043177 0.127269
0 0.453229 0.554255 0.035792 0.119028
0 0.980258 0.432949 0.030943 0.107343
0 0.679943 0.615204 0.035458 0.112722
