0 0.204693 0.449389 0.030521 0.121481
0 0.185839 0.486352 0.033719 0.148148
0 0.373484 0.275324 0.054042 0.121944
0 0.303276 0.416634 0.046906 0.117324
0 0.329977 0.458991 0.053641 0.073944
0 0.337560 0.510139 0.044359 0.098241
0 0.347594 0.541407 0.041021 0.101630
0 0.309518 0.571889 0.047339 0.100574
0 0.276464 0.604944 0.062271 0.113037
0 0.227750 0.742398 0.055875 0.130463
0 0.467034 0.105597 0.049901 0.117787
0 0.711273 0.118444 0.037682 0.122593
0 0.557013 0.423301 0.035109 0.123806
0 0.479773 0.285296 0.039776 0.133889
0 0.476818 0.500315 0.041865 0.108815
0 0.437081 0.389023 0.051234 0.113620
0 0.420677 0.469551 0.060937 0.078843
0 0.415180 0.538736 0.064391 0.092120
0 0.356495 0.692074 0.062844 0.098074
0 0.307844 0.759227 0.039833 0.156528
0 0.840060 0.368722 0.040432 0.137481
0 0.769503 0.685472 0.045755 0.150500
