0 0.216792 0.445690 0.034719 0.125139
0 0.192727 0.496144 0.035234 0.145676
0 0.385073 0.278292 0.035594 0.133435
0 0.348654 0.352630 0.045464 0.118593
0 0.342315 0.459486 0.046057 0.070194
0 0.341940 0.512782 0.039651 0.091583
0 0.352464 0.544981 0.039906 0.098111
0 0.315964 0.573407 0.043906 0.090537
0 0.291091 0.601338 0.061193 0.117583
0 0.239596 0.739769 0.049057 0.133907
0 0.471234 0.120236 0.054958 0.109269
0 0.604026 0.149528 0.032625 0.122648
0 0.551685 0.366310 0.033078 0.133213
0 0.554422 0.332741 0.033135 0.124259
0 0.485138 0.496426 0.039911 0.121648
0 0.446599 0.380796 0.044510 0.128778
0 0.434120 0.470606 0.047156 0.106861
0 0.423966 0.535523 0.056995 0.105491
0 0.374833 0.666597 0.062167 0.134454
0 0.372971 0.763074 0.040193 0.151630
0 0.770307 0.392097 0.050052 0.129972
0 0.739440 0.647796 0.043339 0.141944
