0 0.223187 0.456236 0.040510 0.128083
0 0.281393 0.511231 0.043172 0.146130
0 0.381026 0.275380 0.046635 0.121278
0 0.346104 0.349454 0.045656 0.118574
0 0.326529 0.446681 0.049339 0.096213
0 0.339781 0.509218 0.043250 0.096194
0 0.349706 0.540977 0.042536 0.105639
0 0.315341 0.569949 0.047339 0.105139
0 0.278659 0.602194 0.064443 0.114630
0 0.230169 0.741917 0.055870 0.130463
0 0.467034 0.104861 0.049901 0.117796
0 0.659172 0.119315 0.037687 0.122593
0 0.571094 0.358167 0.034948 0.133926
0 0.491047 0.275093 0.039781 0.133889
0 0.478760 0.501639 0.040062 0.120685
0 0.441331 0.379042 0.043089 0.130583
0 0.424297 0.470139 0.052719 0.084722
0 0.417234 0.538981 0.059688 0.092222
0 0.361714 0.690398 0.061740 0.102185
0 0.330544 0.758301 0.048641 0.160213
0 0.834646 0.370167 0.040427 0.137481
0 0.749755 0.676106 0.044062 0.144509
