0 0.204380 0.450162 0.031708 0.121343
0 0.187560 0.488653 0.035797 0.143565
0 0.373253 0.275528 0.054036 0.121944
0 0.285685 0.448093 0.043880 0.123037
0 0.329841 0.459236 0.053641 0.073954
0 0.337560 0.510444 0.044359 0.098241
0 0.347536 0.541509 0.041021 0.101630
0 0.309346 0.571991 0.047339 0.100574
0 0.276120 0.605097 0.061927 0.113343
0 0.227526 0.742444 0.055875 0.130463
0 0.467034 0.105667 0.049901 0.117796
0 0.713154 0.117486 0.037453 0.123009
0 0.557573 0.475065 0.043302 0.136093
0 0.477792 0.285755 0.039781 0.133880
0 0.476357 0.500523 0.041859 0.108806
0 0.436367 0.390782 0.051578 0.112250
0 0.420677 0.469963 0.060937 0.078833
0 0.415042 0.539227 0.064385 0.092120
0 0.356495 0.692278 0.062844 0.098074
0 0.307359 0.759009 0.041583 0.156056
0 0.842128 0.368569 0.040432 0.137472
0 0.771237 0.692111 0.045755 0.150500
