0 0.257443 0.484463 0.033917 0.130833
0 0.273651 0.506065 0.042167 0.146389
0 0.378742 0.275278 0.048974 0.121481
0 0.345698 0.346968 0.045813 0.118565
0 0.328031 0.449583 0.050917 0.090426
0 0.339560 0.508194 0.043359 0.098241
0 0.348539 0.540829 0.041526 0.102972
0 0.314867 0.572130 0.047339 0.100574
0 0.278661 0.603375 0.064448 0.112269
0 0.229500 0.742056 0.055875 0.130463
0 0.467034 0.105065 0.049901 0.117796
0 0.674484 0.119000 0.037688 0.122593
0 0.568711 0.358630 0.035026 0.129000
0 0.498534 0.282056 0.039776 0.133889
0 0.478656 0.500861 0.040938 0.114907
0 0.443685 0.376690 0.041120 0.133102
0 0.423505 0.468903 0.049896 0.081435
0 0.417049 0.538343 0.060745 0.091593
0 0.362693 0.683569 0.052135 0.112861
0 0.350357 0.750014 0.040932 0.154991
0 0.814122 0.362028 0.040432 0.137481
0 0.745659 0.675745 0.045755 0.150509
