0 0.207836 0.450111 0.040057 0.124870
0 0.232188 0.503194 0.049917 0.143130
0 0.381339 0.276898 0.046115 0.121241
0 0.346333 0.350838 0.045573 0.118583
0 0.329268 0.451046 0.050172 0.088241
0 0.339781 0.509819 0.043250 0.094991
0 0.349828 0.541625 0.042552 0.104824
0 0.314813 0.570486 0.046281 0.104065
0 0.279500 0.601245 0.064438 0.115028
0 0.231826 0.741403 0.055880 0.129472
0 0.467174 0.107074 0.050745 0.115796
0 0.648271 0.117921 0.037687 0.128806
0 0.572419 0.357912 0.034901 0.136657
0 0.499292 0.281931 0.035125 0.131620
0 0.477932 0.501764 0.039917 0.121657
0 0.439763 0.380394 0.044182 0.129194
0 0.424068 0.470407 0.055615 0.087389
0 0.416487 0.538315 0.061182 0.093556
0 0.361708 0.693880 0.065948 0.099481
0 0.316083 0.755667 0.044427 0.152500
0 0.831930 0.379213 0.047161 0.132222
0 0.753435 0.674491 0.043339 0.141944
