0 0.211271 0.451088 0.039292 0.119417
0 0.195125 0.498056 0.046500 0.141852
0 0.381174 0.280542 0.045786 0.121250
0 0.347076 0.352630 0.045464 0.118593
0 0.333557 0.458764 0.053677 0.074194
0 0.339781 0.510843 0.043250 0.092944
0 0.349651 0.543148 0.042198 0.101778
0 0.314104 0.572699 0.044146 0.097065
0 0.281549 0.599426 0.064443 0.115019
0 0.235573 0.740199 0.055896 0.127065
0 0.467518 0.112528 0.052786 0.110944
0 0.624440 0.126273 0.037682 0.122602
0 0.566479 0.362778 0.033083 0.133204
0 0.538714 0.302704 0.033135 0.130648
0 0.478839 0.500269 0.039917 0.121648
0 0.442943 0.380796 0.044510 0.128778
0 0.425031 0.472361 0.059385 0.090852
0 0.416953 0.537454 0.063125 0.095278
0 0.371102 0.677662 0.064682 0.119694
0 0.341927 0.755074 0.040198 0.151630
0 0.805854 0.382421 0.050052 0.129972
0 0.759586 0.658343 0.043339 0.141944
