0 0.235539 0.467509 0.029922 0.125167
0 0.222536 0.496477 0.033281 0.148546
0 0.377344 0.275213 0.050406 0.121611
0 0.345237 0.346398 0.045818 0.117648
0 0.329531 0.454366 0.052490 0.080880
0 0.337560 0.508296 0.044359 0.098241
0 0.347940 0.540792 0.041026 0.101639
0 0.310560 0.571278 0.047339 0.100574
0 0.278547 0.604019 0.064333 0.111185
0 0.229089 0.742130 0.055875 0.130463
0 0.467034 0.105185 0.049901 0.117796
0 0.683625 0.117528 0.037687 0.122593
0 0.567255 0.358912 0.035073 0.125991
0 0.500852 0.287139 0.039776 0.133889
0 0.478594 0.500384 0.041469 0.111380
0 0.440409 0.377005 0.040786 0.133343
0 0.422034 0.468556 0.050828 0.078574
0 0.416341 0.537241 0.062859 0.091907
0 0.364648 0.684870 0.047370 0.111111
0 0.341701 0.751593 0.042266 0.154185
0 0.813643 0.368926 0.040432 0.137481
0 0.748721 0.672389 0.045755 0.150500
