0 0.192281 0.477852 0.038875 0.117722
0 0.160185 0.485704 0.044286 0.135519
0 0.387029 0.282213 0.057557 0.130981
0 0.369094 0.362602 0.051031 0.104019
0 0.292372 0.428880 0.043516 0.094463
0 0.307422 0.470088 0.044385 0.128565
0 0.311081 0.512546 0.042828 0.127056
0 0.292294 0.536736 0.048099 0.131065
0 0.218464 0.610028 0.051771 0.129722
0 0.253573 0.721602 0.047021 0.135241
0 0.485003 0.120065 0.066526 0.103889
0 0.726177 0.139361 0.037302 0.107037
0 0.583503 0.395963 0.039203 0.119315
0 0.465125 0.293727 0.039781 0.133880
0 0.448424 0.495648 0.059505 0.110185
0 0.386380 0.392449 0.060052 0.117046
0 0.344820 0.441148 0.047568 0.101000
0 0.350896 0.528583 0.058052 0.131074
0 0.276594 0.647824 0.052594 0.138148
0 0.311828 0.745306 0.039990 0.147833
0 0.917854 0.365458 0.046083 0.120491
0 0.787224 0.735005 0.056510 0.144861
