0 0.230292 0.425222 0.033646 0.121648
0 0.218372 0.470435 0.034786 0.133815
0 0.370854 0.296477 0.033073 0.124694
0 0.361560 0.350005 0.027370 0.119620
0 0.362391 0.411528 0.028698 0.088593
0 0.358495 0.476199 0.037552 0.108435
0 0.364297 0.508546 0.033990 0.115556
0 0.332362 0.535009 0.043911 0.090222
0 0.315484 0.562685 0.050750 0.125704
0 0.273888 0.692796 0.040547 0.135130
0 0.473013 0.135551 0.034620 0.107157
0 0.570263 0.216185 0.031359 0.122667
0 0.504831 0.370074 0.029474 0.120037
0 0.527466 0.375444 0.033130 0.122667
0 0.496359 0.477125 0.039917 0.121657
0 0.459979 0.387412 0.033073 0.127731
0 0.448831 0.432620 0.033130 0.121648
0 0.433693 0.488069 0.038438 0.135843
0 0.382302 0.621301 0.047646 0.135880
0 0.379724 0.700352 0.032792 0.141315
0 0.705406 0.408093 0.042198 0.125704
0 0.668542 0.590560 0.042135 0.130583
