0 0.286669 0.619597 0.026109 0.085843
0 0.129370 0.516296 0.031729 0.037630
0 0.453823 0.500926 0.026625 0.077963
0 0.616885 0.310273 0.025437 0.064361
0 0.274641 0.453912 0.023198 0.084231
0 0.097786 0.476829 0.025260 0.076824
0 0.225440 0.552060 0.028714 0.086065
0 0.348987 0.451477 0.026495 0.031398
0 0.887688 0.428319 0.024615 0.076731
0 0.883359 0.416514 0.019948 0.072361
0 0.579760 0.325847 0.026677 0.060676
0 0.454323 0.513579 0.026667 0.083491
0 0.183214 0.558329 0.031427 0.080750
0 0.359674 0.433917 0.020797 0.080019
0 0.322852 0.474694 0.028276 0.078963
0 0.246909 0.533009 0.030984 0.082870
0 0.406755 0.349611 0.023771 0.074630
0 0.865888 0.430093 0.021776 0.075278
0 0.518339 0.484889 0.024677 0.073278
0 0.298445 0.493167 0.023120 0.085148
0 0.144932 0.451958 0.022698 0.081380
0 0.166005 0.518019 0.027010 0.082704
