0 0.203081 0.451787 0.033786 0.121093
0 0.190380 0.492009 0.039281 0.136167
0 0.372984 0.275759 0.054042 0.121944
0 0.286523 0.415102 0.043786 0.127815
0 0.329680 0.459523 0.053641 0.073954
0 0.337560 0.510806 0.044359 0.098241
0 0.347469 0.541630 0.041021 0.101630
0 0.309143 0.572111 0.047339 0.100574
0 0.275711 0.605278 0.061526 0.113704
0 0.227266 0.742491 0.055875 0.130463
0 0.467034 0.105745 0.049901 0.117787
0 0.715036 0.117356 0.037167 0.123528
0 0.560885 0.481074 0.038854 0.140611
0 0.475716 0.286241 0.039776 0.133889
0 0.475818 0.500755 0.041865 0.108806
0 0.436771 0.391866 0.051583 0.112250
0 0.420677 0.470440 0.060937 0.078843
0 0.414880 0.539801 0.064385 0.092120
0 0.356495 0.692519 0.062844 0.098074
0 0.307026 0.759157 0.043313 0.152778
0 0.849987 0.369287 0.040432 0.137481
0 0.775081 0.695190 0.045755 0.150509
