0 0.204008 0.450625 0.032307 0.121269
0 0.188417 0.489653 0.036833 0.141269
0 0.373174 0.275593 0.054036 0.121944
0 0.285128 0.442870 0.043172 0.129611
0 0.329794 0.459315 0.053641 0.073944
0 0.337560 0.510556 0.044359 0.098241
0 0.347516 0.541542 0.041021 0.101639
0 0.309289 0.572028 0.047339 0.100574
0 0.276000 0.605148 0.061813 0.113444
0 0.227453 0.742454 0.055875 0.130463
0 0.467034 0.105685 0.049901 0.117796
0 0.713607 0.117014 0.037339 0.123213
0 0.558542 0.493903 0.047396 0.142250
0 0.477276 0.285755 0.039781 0.133880
0 0.476203 0.500588 0.041865 0.108806
0 0.436482 0.391097 0.051578 0.112250
0 0.420677 0.470097 0.060937 0.078843
0 0.414997 0.539394 0.064391 0.092120
0 0.356495 0.692347 0.062844 0.098065
0 0.307198 0.758931 0.042167 0.155898
0 0.843331 0.369028 0.040432 0.137481
0 0.772107 0.692523 0.045755 0.150509
