0 0.347018 0.723611 0.027724 0.085537
0 0.112706 0.566657 0.029276 0.044333
0 0.459693 0.545134 0.025042 0.087435
0 0.640755 0.299037 0.025438 0.064352
0 0.292953 0.483481 0.025823 0.085741
0 0.118073 0.501546 0.028312 0.078556
0 0.240492 0.596148 0.027182 0.090907
0 0.340349 0.504005 0.028042 0.035509
0 0.981195 0.496542 0.019703 0.089157
0 0.963411 0.499630 0.023260 0.080259
0 0.555156 0.330662 0.021927 0.069509
0 0.473469 0.565060 0.026667 0.083491
0 0.220732 0.619667 0.026922 0.086926
0 0.391836 0.441227 0.022526 0.083102
0 0.352146 0.520324 0.028271 0.078963
0 0.262740 0.578792 0.029604 0.082565
0 0.453086 0.344681 0.027932 0.072843
0 0.846529 0.461759 0.026807 0.083463
0 0.489536 0.512782 0.029990 0.071861
0 0.316362 0.531981 0.026005 0.086019
0 0.139333 0.494412 0.025281 0.081380
0 0.176594 0.563727 0.024990 0.091417
