0 0.228396 0.464130 0.030427 0.126204
0 0.214698 0.494648 0.033396 0.148444
0 0.377091 0.275199 0.050661 0.121639
0 0.344979 0.347079 0.045750 0.116731
0 0.329802 0.455231 0.052781 0.079148
0 0.337560 0.508398 0.044359 0.098241
0 0.347922 0.540824 0.041021 0.101630
0 0.310503 0.571310 0.047339 0.100565
0 0.278432 0.604069 0.064219 0.111287
0 0.229016 0.742148 0.055875 0.130463
0 0.467034 0.105213 0.049901 0.117796
0 0.686263 0.117986 0.037682 0.122602
0 0.566990 0.358963 0.035083 0.125444
0 0.501812 0.287056 0.039781 0.133889
0 0.478583 0.500301 0.041573 0.110731
0 0.439964 0.377856 0.041437 0.132324
0 0.421742 0.468343 0.051589 0.078315
0 0.416214 0.537042 0.063240 0.091954
0 0.363974 0.685296 0.047854 0.111111
0 0.336172 0.751384 0.040344 0.155120
0 0.813773 0.370981 0.040432 0.137481
0 0.749279 0.671782 0.045755 0.150509
