0 0.125036 0.562667 0.035760 0.078667
0 0.110901 0.468102 0.031698 0.100093
0 0.427938 0.470931 0.021938 0.091491
0 0.620190 0.383324 0.021526 0.089370
0 0.216078 0.487005 0.033260 0.098454
0 0.134490 0.465542 0.027167 0.094102
0 0.188685 0.532972 0.042526 0.082574
0 0.145198 0.538597 0.025083 0.071139
0 0.396867 0.446157 0.047203 0.052870
0 0.797250 0.310963 0.039969 0.085296
0 0.830969 0.311463 0.030010 0.080537
0 0.637094 0.391343 0.026854 0.089444
0 0.452086 0.474338 0.033328 0.094843
0 0.166216 0.537968 0.021214 0.091287
0 0.260109 0.476708 0.021760 0.095287
0 0.260357 0.493060 0.029599 0.090917
0 0.168104 0.560148 0.026208 0.101593
0 0.395471 0.445120 0.030005 0.076426
0 0.982279 0.457176 0.035443 0.093926
0 0.594479 0.582065 0.035719 0.098500
0 0.239531 0.499361 0.026146 0.098167
