0 0.226870 0.437389 0.033646 0.121648
0 0.213927 0.483815 0.034781 0.133815
0 0.377695 0.293435 0.033078 0.124685
0 0.364638 0.353653 0.027370 0.119620
0 0.357427 0.426741 0.032469 0.087389
0 0.351482 0.495046 0.038578 0.090185
0 0.359169 0.532259 0.038099 0.097296
0 0.328943 0.556907 0.043906 0.090222
0 0.301115 0.582148 0.050750 0.125704
0 0.259013 0.711949 0.046380 0.135731
0 0.471477 0.130995 0.034286 0.112657
0 0.581896 0.198546 0.031365 0.122667
0 0.515615 0.371292 0.032542 0.124898
0 0.540810 0.368148 0.033130 0.122667
0 0.488490 0.485639 0.039917 0.121648
0 0.446635 0.386801 0.033073 0.127731
0 0.441135 0.451477 0.038948 0.121657
0 0.433354 0.506319 0.041177 0.135843
0 0.382982 0.644412 0.055161 0.135880
0 0.372370 0.729546 0.034510 0.140093
0 0.729016 0.406269 0.042198 0.125704
0 0.691979 0.613060 0.043167 0.140324
