0 0.354859 0.785449 0.034115 0.094176
0 0.078695 0.609222 0.029484 0.049426
0 0.453177 0.580213 0.027677 0.095481
0 0.649729 0.321106 0.025448 0.068620
0 0.282841 0.516861 0.026776 0.092556
0 0.101997 0.540593 0.029755 0.087963
0 0.223076 0.639644 0.029547 0.100769
0 0.329161 0.540722 0.029292 0.038574
0 0.989958 0.547773 0.020083 0.080861
0 0.548581 0.353907 0.025255 0.075463
0 0.471711 0.610407 0.027068 0.090130
0 0.211680 0.667606 0.029870 0.093769
0 0.390383 0.462884 0.024328 0.090083
0 0.345797 0.560926 0.029740 0.087500
0 0.250164 0.621551 0.031516 0.090472
0 0.458250 0.364329 0.028813 0.078806
0 0.858604 0.495319 0.029958 0.091991
0 0.480044 0.553792 0.030391 0.079454
0 0.305359 0.569495 0.026813 0.092898
0 0.156695 0.602824 0.026859 0.100222
