0 0.203078 0.450315 0.032188 0.131111
0 0.189245 0.487556 0.033719 0.148148
0 0.375948 0.275148 0.051833 0.121741
0 0.343823 0.350125 0.045448 0.112639
0 0.330555 0.457963 0.053641 0.073944
0 0.337560 0.508861 0.044359 0.098241
0 0.347833 0.540977 0.041021 0.101639
0 0.310242 0.571463 0.047339 0.100574
0 0.277909 0.604301 0.063703 0.111750
0 0.228682 0.742213 0.055875 0.130463
0 0.467034 0.105315 0.049901 0.117796
0 0.695576 0.118287 0.037682 0.122593
0 0.566099 0.359292 0.035104 0.123806
0 0.501706 0.285597 0.039776 0.133880
0 0.478383 0.500042 0.041859 0.108806
0 0.437966 0.381667 0.044339 0.127759
0 0.420841 0.467903 0.054943 0.077750
0 0.415758 0.536685 0.064391 0.092130
0 0.361047 0.688634 0.051917 0.106991
0 0.316495 0.753491 0.034583 0.157944
0 0.818211 0.377500 0.040432 0.137481
0 0.754956 0.666037 0.045755 0.150500
