0 0.155539 0.569861 0.034172 0.074093
0 0.106857 0.494278 0.028234 0.072852
0 0.431685 0.482005 0.021995 0.086213
0 0.616917 0.368917 0.017802 0.078852
0 0.222201 0.480398 0.037099 0.090278
0 0.121922 0.473662 0.032719 0.092676
0 0.215042 0.521606 0.045813 0.079972
0 0.155560 0.544602 0.034974 0.067574
0 0.372638 0.453634 0.045526 0.042046
0 0.818867 0.346870 0.034828 0.081630
0 0.842826 0.339296 0.023568 0.077796
0 0.629956 0.378884 0.023130 0.079620
0 0.436716 0.493514 0.023234 0.092639
0 0.162352 0.529264 0.021078 0.086528
0 0.275930 0.476704 0.033505 0.086259
0 0.267964 0.486269 0.028542 0.081352
0 0.192563 0.547963 0.035688 0.090852
0 0.383680 0.420667 0.024411 0.060148
0 0.962893 0.450940 0.039714 0.083176
0 0.577971 0.559926 0.035714 0.098500
0 0.246122 0.495481 0.025880 0.093963
