0 0.257284 0.484657 0.035057 0.131444
0 0.281281 0.508185 0.043167 0.146130
0 0.378995 0.275287 0.048719 0.121463
0 0.345745 0.347245 0.045792 0.118565
0 0.327758 0.448713 0.050630 0.092167
0 0.339781 0.508255 0.043250 0.098120
0 0.348672 0.540847 0.041635 0.103269
0 0.315341 0.572097 0.047339 0.100843
0 0.278659 0.603245 0.064443 0.112528
0 0.229573 0.742037 0.055875 0.130463
0 0.467034 0.105037 0.049901 0.117796
0 0.672977 0.119519 0.037682 0.122593
0 0.568977 0.358579 0.035016 0.129546
0 0.498234 0.280907 0.039781 0.133889
0 0.478669 0.500949 0.040839 0.115546
0 0.443844 0.376884 0.041344 0.132824
0 0.423719 0.469023 0.049958 0.081843
0 0.417177 0.538542 0.060365 0.091546
0 0.362333 0.683921 0.053323 0.112157
0 0.350164 0.751042 0.041380 0.156435
0 0.815096 0.361907 0.040432 0.137481
0 0.745102 0.676356 0.045755 0.150509
