0 0.200268 0.456875 0.036766 0.120398
0 0.189919 0.495588 0.043172 0.132750
0 0.373255 0.276843 0.055313 0.123074
0 0.320013 0.363347 0.043641 0.119102
0 0.325945 0.455273 0.052380 0.076509
0 0.334141 0.505995 0.044365 0.102028
0 0.342776 0.537759 0.041250 0.104815
0 0.307057 0.567083 0.047500 0.105611
0 0.268102 0.606074 0.059859 0.116111
0 0.228560 0.742412 0.054557 0.132046
0 0.467833 0.108625 0.052937 0.116065
0 0.720495 0.130324 0.037635 0.120648
0 0.578667 0.422505 0.035979 0.137954
0 0.470466 0.291079 0.039776 0.133880
0 0.474393 0.500449 0.045245 0.109602
0 0.433911 0.392468 0.054302 0.112472
0 0.411193 0.467315 0.059271 0.081611
0 0.408404 0.538856 0.064776 0.098102
0 0.348211 0.687384 0.062880 0.104935
0 0.308174 0.762856 0.042484 0.131046
0 0.892747 0.363227 0.040651 0.136102
0 0.788523 0.718653 0.047099 0.149806
