0 0.194924 0.442569 0.032547 0.134009
0 0.184836 0.483940 0.033724 0.148139
0 0.374935 0.275097 0.052870 0.121843
0 0.342794 0.352838 0.045172 0.108991
0 0.330370 0.458296 0.053646 0.073944
0 0.337560 0.509269 0.044359 0.098241
0 0.347758 0.541116 0.041026 0.101639
0 0.310008 0.571602 0.047339 0.100574
0 0.277448 0.604509 0.063240 0.112167
0 0.228385 0.742273 0.055875 0.130472
0 0.467034 0.105407 0.049901 0.117796
0 0.699701 0.116065 0.037682 0.122593
0 0.565539 0.360412 0.035109 0.123806
0 0.493609 0.282861 0.039781 0.133889
0 0.477935 0.500042 0.041859 0.108806
0 0.436190 0.385056 0.046932 0.123685
0 0.420763 0.468421 0.057766 0.078269
0 0.415573 0.537338 0.064385 0.092120
0 0.358672 0.693273 0.058490 0.097454
0 0.309208 0.759856 0.034875 0.157880
0 0.829044 0.377773 0.040432 0.137472
0 0.764813 0.657435 0.045760 0.150500
