0 0.230862 0.423194 0.033641 0.121648
0 0.219115 0.468204 0.034781 0.133815
0 0.369714 0.296981 0.033073 0.124685
0 0.361044 0.349394 0.027370 0.119620
0 0.363219 0.408995 0.028073 0.088787
0 0.359664 0.473056 0.037380 0.111481
0 0.365151 0.504597 0.033302 0.118602
0 0.332932 0.531361 0.043906 0.090222
0 0.317880 0.559440 0.050750 0.125713
0 0.276367 0.689606 0.039578 0.135028
0 0.473268 0.136310 0.034672 0.106250
0 0.568323 0.219130 0.031365 0.122667
0 0.503034 0.369870 0.028964 0.119222
0 0.525242 0.376662 0.033130 0.122657
0 0.497672 0.475704 0.039917 0.121648
0 0.462203 0.387514 0.033073 0.127731
0 0.450117 0.429481 0.032161 0.121648
0 0.433750 0.485032 0.037979 0.135843
0 0.382190 0.617449 0.046391 0.135880
0 0.380945 0.695481 0.032505 0.141519
0 0.701474 0.408389 0.042198 0.125704
0 0.664635 0.586810 0.041969 0.128954
