0 0.220628 0.453866 0.040464 0.127769
0 0.277781 0.510046 0.043167 0.146130
0 0.381151 0.275389 0.046510 0.121259
0 0.346130 0.349593 0.045646 0.118574
0 0.326529 0.446949 0.049339 0.095676
0 0.339781 0.509278 0.043250 0.096074
0 0.349771 0.540986 0.042583 0.105787
0 0.315341 0.569815 0.047339 0.105407
0 0.278659 0.602130 0.064443 0.114759
0 0.230208 0.741917 0.055875 0.130463
0 0.467034 0.104843 0.049901 0.117796
0 0.658208 0.118884 0.037688 0.122602
0 0.571227 0.358144 0.034943 0.134194
0 0.490214 0.275000 0.039781 0.133889
0 0.478766 0.501681 0.040010 0.121009
0 0.441174 0.379176 0.043203 0.130444
0 0.424273 0.470167 0.053005 0.085000
0 0.417159 0.538912 0.059839 0.092361
0 0.361711 0.690745 0.062161 0.101917
0 0.328437 0.757764 0.048635 0.159139
0 0.836273 0.370810 0.040432 0.137472
0 0.750779 0.675681 0.043818 0.143657
