0 0.251885 0.480722 0.036979 0.131074
0 0.289750 0.511944 0.043167 0.146130
0 0.379375 0.275306 0.048323 0.121426
0 0.345810 0.347657 0.045766 0.118574
0 0.327349 0.447412 0.050198 0.094769
0 0.339781 0.508435 0.043250 0.097759
0 0.348865 0.540870 0.041802 0.103704
0 0.315341 0.571694 0.047339 0.101648
0 0.278659 0.603046 0.064443 0.112926
0 0.229687 0.742019 0.055875 0.130463
0 0.467034 0.105009 0.049901 0.117796
0 0.670625 0.120454 0.037687 0.122593
0 0.569372 0.358500 0.035005 0.130370
0 0.497781 0.279185 0.039781 0.133889
0 0.478685 0.501074 0.040693 0.116519
0 0.443372 0.377287 0.041672 0.132407
0 0.423966 0.469333 0.050203 0.082185
0 0.417370 0.538843 0.059792 0.091463
0 0.362128 0.685269 0.055151 0.109463
0 0.348542 0.754713 0.043802 0.160204
0 0.817818 0.363162 0.040427 0.137472
0 0.744263 0.677269 0.045755 0.150500
