0 0.204047 0.449620 0.030521 0.121481
0 0.185839 0.485894 0.033719 0.148139
0 0.373599 0.275213 0.054042 0.121944
0 0.314607 0.386556 0.043036 0.116593
0 0.330047 0.458870 0.053646 0.073944
0 0.337560 0.509991 0.044359 0.098241
0 0.347622 0.541356 0.041026 0.101639
0 0.309607 0.571838 0.047339 0.100565
0 0.276638 0.604866 0.062443 0.112880
0 0.227862 0.742380 0.055870 0.130463
0 0.467034 0.105565 0.049901 0.117796
0 0.709823 0.118444 0.037687 0.122593
0 0.559081 0.402181 0.035109 0.123806
0 0.481193 0.284606 0.039781 0.133880
0 0.477049 0.500208 0.041859 0.108806
0 0.438500 0.387296 0.050708 0.115685
0 0.420677 0.469347 0.060937 0.078843
0 0.415250 0.538486 0.064385 0.092120
0 0.356495 0.691968 0.062844 0.098065
0 0.308083 0.759338 0.038958 0.156769
0 0.840576 0.370329 0.040432 0.137472
0 0.769503 0.676745 0.045755 0.150509
