0 0.226299 0.439417 0.033641 0.121648
0 0.213185 0.486046 0.034786 0.133815
0 0.378836 0.292926 0.033078 0.124685
0 0.365148 0.354259 0.027370 0.119630
0 0.356602 0.429278 0.033099 0.087185
0 0.350312 0.498190 0.038750 0.087139
0 0.358315 0.536208 0.038786 0.094250
0 0.328370 0.560556 0.043906 0.090222
0 0.298719 0.585389 0.050750 0.125704
0 0.256534 0.715144 0.047349 0.135824
0 0.471221 0.130236 0.034234 0.113565
0 0.583833 0.195611 0.031365 0.122667
0 0.517411 0.371495 0.033052 0.125713
0 0.543034 0.366931 0.033130 0.122657
0 0.487180 0.487056 0.039911 0.121648
0 0.444411 0.386699 0.033073 0.127731
0 0.439852 0.454620 0.039911 0.121648
0 0.433297 0.509366 0.041635 0.135843
0 0.383094 0.648264 0.056417 0.135880
0 0.371143 0.734407 0.034797 0.139889
0 0.732948 0.405963 0.042198 0.125704
0 0.695883 0.616806 0.043339 0.141944
