0 0.207635 0.450056 0.040104 0.125204
0 0.237669 0.503838 0.048953 0.143565
0 0.381349 0.276685 0.046135 0.121241
0 0.346310 0.350699 0.045578 0.118583
0 0.328875 0.450537 0.050052 0.089148
0 0.339781 0.509759 0.043250 0.095111
0 0.349839 0.541537 0.042573 0.105000
0 0.314888 0.570352 0.046432 0.104333
0 0.279380 0.601356 0.064437 0.115028
0 0.231604 0.741472 0.055875 0.129611
0 0.467154 0.106750 0.050620 0.116074
0 0.649417 0.116458 0.037687 0.130880
0 0.572286 0.357940 0.034906 0.136380
0 0.497755 0.280912 0.035792 0.131935
0 0.478055 0.501764 0.039911 0.121657
0 0.439917 0.380259 0.044073 0.129333
0 0.424091 0.470384 0.055328 0.087120
0 0.416563 0.538384 0.061031 0.093417
0 0.361711 0.693528 0.065526 0.099759
0 0.315578 0.754968 0.045031 0.153139
0 0.833013 0.378190 0.046203 0.132972
0 0.752633 0.675806 0.043339 0.141944
