0 0.199128 0.459870 0.037068 0.120019
0 0.187219 0.495940 0.043729 0.134139
0 0.373875 0.277606 0.056583 0.124194
0 0.324883 0.363097 0.045172 0.116954
0 0.322419 0.450657 0.051109 0.079074
0 0.330719 0.500727 0.044365 0.105824
0 0.338169 0.533736 0.041474 0.107991
0 0.305227 0.561898 0.047661 0.110648
0 0.261010 0.606639 0.058698 0.118056
0 0.230188 0.742259 0.053240 0.133630
0 0.468633 0.111403 0.055984 0.114324
0 0.721310 0.131611 0.037589 0.118704
0 0.579357 0.418708 0.036443 0.135287
0 0.469943 0.291565 0.039781 0.133889
0 0.473661 0.499838 0.048635 0.110398
0 0.430536 0.391685 0.057031 0.112704
0 0.401711 0.463579 0.057599 0.084380
0 0.402135 0.537176 0.065167 0.104074
0 0.339927 0.681944 0.062927 0.111796
0 0.307984 0.763176 0.041812 0.134574
0 0.897326 0.363125 0.040870 0.134713
0 0.790799 0.725505 0.048443 0.149102
