0 0.244003 0.593875 0.026349 0.083509
0 0.118688 0.513727 0.028615 0.039361
0 0.439102 0.503028 0.025141 0.074870
0 0.608805 0.336227 0.023724 0.068324
0 0.253664 0.461532 0.026172 0.085028
0 0.114917 0.475690 0.024583 0.078546
0 0.204083 0.548486 0.027417 0.081028
0 0.354727 0.449894 0.030214 0.032991
0 0.848536 0.406912 0.026406 0.077528
0 0.847122 0.392296 0.019568 0.071278
0 0.592224 0.347083 0.027125 0.066333
0 0.439424 0.510213 0.025474 0.085204
0 0.169724 0.545361 0.025500 0.081667
0 0.328409 0.457111 0.023922 0.080815
0 0.294948 0.481130 0.025146 0.078426
0 0.233352 0.532102 0.031214 0.082648
0 0.385047 0.384398 0.022719 0.070926
0 0.890159 0.435111 0.025578 0.073130
0 0.536641 0.503583 0.022635 0.079444
0 0.276648 0.494088 0.022547 0.085750
0 0.127292 0.459375 0.022698 0.081380
0 0.157023 0.521292 0.024526 0.082694
