0 0.124331 0.559546 0.033630 0.079815
0 0.110789 0.468704 0.033016 0.102667
0 0.432185 0.467981 0.020734 0.092463
0 0.621010 0.386926 0.022458 0.092000
0 0.218714 0.481384 0.032302 0.095472
0 0.141573 0.465236 0.030094 0.096843
0 0.195273 0.530130 0.043349 0.081926
0 0.144687 0.537231 0.025302 0.074426
0 0.402734 0.449120 0.046927 0.061944
0 0.791846 0.301986 0.041255 0.086213
0 0.830398 0.303440 0.031620 0.081231
0 0.638878 0.394458 0.027786 0.091898
0 0.456026 0.465296 0.032865 0.096815
0 0.171953 0.539338 0.023344 0.090880
0 0.259427 0.478157 0.023885 0.098333
0 0.262474 0.495551 0.029865 0.093306
0 0.162951 0.558426 0.027568 0.104296
0 0.406096 0.453361 0.030797 0.079796
0 0.982677 0.455898 0.034646 0.096611
0 0.600003 0.584764 0.035714 0.098509
0 0.239667 0.501134 0.027094 0.097620
