0 0.173268 0.574435 0.032849 0.074259
0 0.103354 0.504282 0.029333 0.055287
0 0.432344 0.488542 0.022573 0.082657
0 0.614625 0.361880 0.017729 0.075833
0 0.226078 0.475699 0.036573 0.087824
0 0.118297 0.475694 0.032917 0.090593
0 0.162898 0.549167 0.035974 0.069648
0 0.368122 0.453537 0.043245 0.038556
0 0.826690 0.362722 0.032651 0.080315
0 0.844784 0.352708 0.021661 0.076380
0 0.623370 0.373227 0.023323 0.076694
0 0.432466 0.500190 0.021307 0.091231
0 0.160698 0.529764 0.021604 0.084880
0 0.285953 0.474255 0.034875 0.083602
0 0.271578 0.483843 0.026708 0.078685
0 0.202638 0.541815 0.036828 0.086926
0 0.379932 0.410986 0.022979 0.057935
0 0.948279 0.447000 0.038880 0.079574
0 0.568299 0.546458 0.034078 0.096120
0 0.250432 0.494407 0.025854 0.091926
