0 0.117932 0.556903 0.038781 0.086935
0 0.099141 0.482370 0.040458 0.122167
0 0.461760 0.401241 0.027062 0.105500
0 0.603417 0.406120 0.036729 0.102907
0 0.230451 0.437634 0.035141 0.091565
0 0.194099 0.462056 0.050281 0.112444
0 0.235880 0.519042 0.041344 0.104880
0 0.158154 0.549394 0.040776 0.099361
0 0.455107 0.509213 0.035109 0.081944
0 0.714320 0.227861 0.046776 0.100722
0 0.810622 0.232639 0.037630 0.093556
0 0.626646 0.409824 0.035812 0.107852
0 0.482021 0.389074 0.030156 0.104704
0 0.261505 0.551065 0.041990 0.111019
0 0.269146 0.449417 0.046500 0.108759
0 0.272872 0.509796 0.037359 0.114296
0 0.134294 0.576560 0.041297 0.125583
0 0.462451 0.542759 0.036255 0.116444
0 0.984724 0.437292 0.030552 0.107343
0 0.672604 0.609880 0.035500 0.110352
