0 0.253685 0.482037 0.036339 0.131204
0 0.286927 0.510694 0.043167 0.146130
0 0.379250 0.275301 0.048458 0.121435
0 0.345789 0.347519 0.045776 0.118574
0 0.327484 0.447847 0.050344 0.093898
0 0.339781 0.508375 0.043250 0.097880
0 0.348802 0.540861 0.041750 0.103556
0 0.315341 0.571829 0.047339 0.101380
0 0.278659 0.603111 0.064443 0.112796
0 0.229648 0.742023 0.055870 0.130472
0 0.467034 0.105019 0.049901 0.117796
0 0.671409 0.120139 0.037682 0.122593
0 0.569242 0.358528 0.035005 0.130093
0 0.497932 0.279759 0.039781 0.133889
0 0.478680 0.501032 0.040745 0.116194
0 0.443529 0.377153 0.041557 0.132546
0 0.423883 0.469227 0.050120 0.082065
0 0.417307 0.538745 0.059979 0.091491
0 0.362198 0.684819 0.054542 0.110361
0 0.349083 0.753491 0.042990 0.158944
0 0.816909 0.362741 0.040432 0.137481
0 0.744544 0.676963 0.045755 0.150500
