0 0.313430 0.635181 0.027724 0.085546
0 0.134109 0.516866 0.035740 0.037639
0 0.462034 0.498625 0.025359 0.079102
0 0.624924 0.292259 0.025443 0.064352
0 0.283484 0.447620 0.023198 0.084222
0 0.107354 0.465389 0.028313 0.078556
0 0.238313 0.553204 0.025167 0.083204
0 0.343841 0.453194 0.026495 0.031407
0 0.918727 0.438611 0.024620 0.076722
0 0.915357 0.431532 0.020922 0.074917
0 0.570115 0.310694 0.026677 0.060667
0 0.463490 0.515301 0.026667 0.083491
0 0.198164 0.564620 0.026620 0.080741
0 0.376242 0.422481 0.020797 0.080019
0 0.339737 0.468111 0.028276 0.078963
0 0.254070 0.533009 0.030984 0.082870
0 0.422917 0.323023 0.024896 0.074639
0 0.854310 0.426657 0.021776 0.079278
0 0.506359 0.473606 0.029990 0.071861
0 0.309859 0.492176 0.026010 0.086019
0 0.153456 0.446528 0.022703 0.081370
0 0.174398 0.514792 0.023818 0.082694
