0 0.208240 0.450227 0.039969 0.124231
0 0.221227 0.501907 0.051849 0.142278
0 0.381320 0.277324 0.046078 0.121241
0 0.346378 0.351111 0.045557 0.118593
0 0.330049 0.452060 0.050411 0.086417
0 0.339781 0.509940 0.043250 0.094750
0 0.349807 0.541806 0.042510 0.104463
0 0.314661 0.570755 0.045979 0.103528
0 0.279742 0.601032 0.064443 0.115028
0 0.232266 0.741259 0.055885 0.129185
0 0.467216 0.107713 0.050984 0.115222
0 0.645984 0.120843 0.037688 0.124667
0 0.572682 0.357861 0.034896 0.137204
0 0.502362 0.283958 0.033797 0.130972
0 0.477693 0.501764 0.039917 0.121657
0 0.439445 0.380662 0.044401 0.128917
0 0.424021 0.470463 0.056198 0.087926
0 0.416336 0.538185 0.061484 0.093815
0 0.361708 0.694574 0.066792 0.098944
0 0.317091 0.757069 0.043224 0.151213
0 0.829758 0.381241 0.049089 0.130722
0 0.755036 0.671852 0.043333 0.141944
