0 0.224823 0.462440 0.030677 0.126713
0 0.210779 0.493731 0.033443 0.148389
0 0.376964 0.275194 0.050792 0.121648
0 0.344852 0.347417 0.045714 0.116278
0 0.329940 0.455671 0.052922 0.078287
0 0.337560 0.508454 0.044359 0.098241
0 0.347911 0.540843 0.041021 0.101630
0 0.310471 0.571329 0.047339 0.100565
0 0.278372 0.604097 0.064161 0.111343
0 0.228979 0.742157 0.055875 0.130463
0 0.467034 0.105222 0.049901 0.117796
0 0.687583 0.118213 0.037687 0.122593
0 0.566859 0.358986 0.035083 0.125176
0 0.502294 0.287009 0.039776 0.133889
0 0.478578 0.500255 0.041615 0.110417
0 0.439742 0.378278 0.041755 0.131815
0 0.421596 0.468236 0.051974 0.078194
0 0.416148 0.536940 0.063432 0.091991
0 0.363641 0.685509 0.048094 0.111111
0 0.333406 0.751278 0.039385 0.155593
0 0.813839 0.372009 0.040427 0.137481
0 0.749560 0.671477 0.045755 0.150509
