0 0.210461 0.450861 0.039474 0.120704
0 0.198281 0.498056 0.052812 0.141852
0 0.381214 0.279685 0.045865 0.121241
0 0.346628 0.352630 0.045464 0.118593
0 0.334346 0.457653 0.051724 0.076417
0 0.339781 0.510602 0.043250 0.093426
0 0.349693 0.542792 0.042281 0.102491
0 0.313831 0.572231 0.044318 0.100574
0 0.281068 0.599856 0.064437 0.115028
0 0.234690 0.740481 0.055891 0.127630
0 0.467438 0.111245 0.052302 0.112083
0 0.629180 0.122310 0.037682 0.122602
0 0.570102 0.364269 0.033078 0.133204
0 0.531602 0.296750 0.033130 0.130648
0 0.478474 0.500694 0.039917 0.121648
0 0.441901 0.380796 0.044510 0.128778
0 0.423771 0.470759 0.059385 0.090852
0 0.415513 0.537454 0.063130 0.095278
0 0.369859 0.682079 0.065406 0.113694
0 0.328432 0.751870 0.040198 0.151630
0 0.814219 0.384403 0.050052 0.129972
0 0.761258 0.659833 0.043339 0.141944
