0 0.259081 0.485972 0.034411 0.131574
0 0.278458 0.506926 0.043167 0.146130
0 0.378867 0.275282 0.048849 0.121472
0 0.345721 0.347106 0.045797 0.118565
0 0.327896 0.449148 0.050771 0.091296
0 0.339781 0.508194 0.043250 0.098241
0 0.348607 0.540838 0.041578 0.103120
0 0.315341 0.572231 0.047339 0.100574
0 0.278661 0.603310 0.064448 0.112398
0 0.229536 0.742046 0.055875 0.130463
0 0.467034 0.105051 0.049901 0.117787
0 0.673760 0.119213 0.037687 0.122593
0 0.568844 0.358602 0.035021 0.129278
0 0.498383 0.281481 0.039776 0.133889
0 0.478664 0.500903 0.040891 0.115231
0 0.443997 0.376750 0.041234 0.132963
0 0.423638 0.468917 0.049880 0.081722
0 0.417112 0.538444 0.060557 0.091574
0 0.362401 0.683472 0.052719 0.113056
0 0.350703 0.749815 0.040573 0.155185
0 0.814190 0.361486 0.040432 0.137472
0 0.745378 0.676051 0.045755 0.150509
