0 0.202339 0.452718 0.034979 0.120954
0 0.191375 0.493444 0.040760 0.134037
0 0.372828 0.275898 0.054042 0.121944
0 0.297156 0.391389 0.044438 0.124907
0 0.329586 0.459685 0.053641 0.073944
0 0.337560 0.511009 0.044359 0.098241
0 0.347432 0.541699 0.041021 0.101639
0 0.309029 0.572181 0.047339 0.100565
0 0.275482 0.605380 0.061297 0.113907
0 0.227120 0.742523 0.055875 0.130472
0 0.467034 0.105787 0.049901 0.117796
0 0.717104 0.122546 0.037396 0.123111
0 0.571128 0.456727 0.042661 0.140620
0 0.473617 0.288176 0.039776 0.133889
0 0.475510 0.500894 0.041865 0.108806
0 0.437000 0.392477 0.051583 0.112250
0 0.420677 0.470713 0.060937 0.078833
0 0.414789 0.540125 0.064391 0.092120
0 0.356495 0.692653 0.062844 0.098065
0 0.307622 0.760662 0.043245 0.141546
0 0.866956 0.366639 0.040432 0.137481
0 0.780044 0.702569 0.045755 0.150509
