0 0.221240 0.442315 0.033646 0.124889
0 0.201260 0.491819 0.034781 0.141509
0 0.383172 0.288361 0.033073 0.131759
0 0.352268 0.353282 0.044464 0.119009
0 0.349188 0.447259 0.039958 0.076889
0 0.345615 0.507185 0.038750 0.089704
0 0.354344 0.546412 0.039135 0.096176
0 0.321589 0.574593 0.043906 0.090222
0 0.295464 0.600088 0.056531 0.121213
0 0.246776 0.729921 0.047354 0.135824
0 0.472214 0.127472 0.046885 0.111000
0 0.593953 0.170556 0.031365 0.122667
0 0.536573 0.373199 0.033073 0.130213
0 0.550622 0.349583 0.033130 0.122667
0 0.486818 0.492194 0.039917 0.121648
0 0.446036 0.383157 0.039938 0.128352
0 0.437492 0.463588 0.042422 0.115176
0 0.428424 0.524769 0.049932 0.119167
0 0.378570 0.658546 0.059651 0.135889
0 0.376086 0.758417 0.038036 0.158019
0 0.751023 0.402315 0.046911 0.133815
0 0.718930 0.640477 0.043339 0.141954
