0 0.205122 0.449231 0.030526 0.121481
0 0.185839 0.486657 0.033719 0.148148
0 0.373406 0.275389 0.054042 0.121944
0 0.295724 0.436690 0.049490 0.117824
0 0.329932 0.459074 0.053646 0.073944
0 0.337560 0.510241 0.044359 0.098241
0 0.347576 0.541440 0.041026 0.101639
0 0.309461 0.571926 0.047339 0.100574
0 0.276349 0.604995 0.062156 0.113139
0 0.227677 0.742417 0.055875 0.130463
0 0.467034 0.105620 0.049901 0.117796
0 0.712242 0.118444 0.037682 0.122593
0 0.555635 0.437394 0.035104 0.123806
0 0.478826 0.285755 0.039776 0.133880
0 0.476664 0.500384 0.041859 0.108806
0 0.436135 0.390171 0.051583 0.112250
0 0.420677 0.469690 0.060937 0.078843
0 0.415135 0.538903 0.064385 0.092120
0 0.356495 0.692139 0.062844 0.098074
0 0.307682 0.759157 0.040417 0.156370
0 0.839716 0.367648 0.040432 0.137481
0 0.769503 0.691287 0.045755 0.150500
