0 0.191141 0.480852 0.039177 0.117333
0 0.152073 0.479884 0.043448 0.133435
0 0.392365 0.282981 0.055500 0.132111
0 0.381466 0.362847 0.050901 0.101861
0 0.284401 0.427227 0.042250 0.097028
0 0.302612 0.465315 0.044391 0.132352
0 0.306753 0.510000 0.043057 0.130241
0 0.289487 0.534523 0.047995 0.131176
0 0.211370 0.610593 0.050615 0.131667
0 0.262013 0.711574 0.046547 0.132870
0 0.491589 0.118838 0.065719 0.102157
0 0.726992 0.140657 0.037255 0.105093
0 0.584195 0.392171 0.039661 0.116639
0 0.463766 0.293838 0.039781 0.133880
0 0.437273 0.494782 0.058161 0.108491
0 0.371057 0.394394 0.056115 0.118769
0 0.335336 0.437407 0.045901 0.103778
0 0.337818 0.527653 0.053719 0.132620
0 0.261497 0.641644 0.047349 0.137602
0 0.314135 0.735736 0.040427 0.147398
0 0.918958 0.366829 0.048250 0.116139
0 0.780883 0.726051 0.057849 0.144157
