0 0.147914 0.568060 0.034568 0.075231
0 0.107867 0.487731 0.029099 0.079667
0 0.430747 0.479236 0.021984 0.087528
0 0.617734 0.372519 0.018729 0.081481
0 0.220669 0.482051 0.036141 0.092324
0 0.125065 0.471634 0.031328 0.093028
0 0.208453 0.524449 0.044990 0.080620
0 0.152969 0.543102 0.032500 0.068463
0 0.374023 0.452870 0.045943 0.044759
0 0.813464 0.337894 0.036115 0.082546
0 0.839862 0.332343 0.025182 0.078481
0 0.631740 0.382000 0.024063 0.082074
0 0.440557 0.488718 0.025760 0.093194
0 0.163318 0.531435 0.021115 0.087722
0 0.271977 0.476704 0.030568 0.088519
0 0.266063 0.487968 0.028802 0.083750
0 0.186451 0.551009 0.033318 0.093537
0 0.386628 0.426778 0.025807 0.064222
0 0.967740 0.452500 0.038646 0.085870
0 0.582099 0.565463 0.035719 0.098500
0 0.244474 0.496454 0.025948 0.095019
