0 0.292021 0.622718 0.026427 0.085787
0 0.130318 0.516407 0.032531 0.037630
0 0.455466 0.500468 0.026370 0.078194
0 0.618492 0.306671 0.025443 0.064361
0 0.276411 0.452657 0.023198 0.084222
0 0.099701 0.474542 0.025870 0.077176
0 0.228016 0.552287 0.028000 0.085500
0 0.347956 0.451819 0.026495 0.031398
0 0.893896 0.430380 0.024615 0.076722
0 0.889758 0.419514 0.020141 0.072880
0 0.577833 0.322815 0.026677 0.060667
0 0.456156 0.513921 0.026667 0.083491
0 0.186203 0.559588 0.030469 0.080750
0 0.362990 0.431630 0.020792 0.080019
0 0.326227 0.473380 0.028276 0.078963
0 0.248341 0.533009 0.030984 0.082870
0 0.409987 0.344292 0.023995 0.074639
0 0.863570 0.429407 0.021776 0.076074
0 0.515943 0.482634 0.025740 0.072991
0 0.300729 0.492968 0.023698 0.085324
0 0.146638 0.450870 0.022703 0.081370
0 0.167685 0.517375 0.026370 0.082694
