0 0.239112 0.469199 0.029672 0.124657
0 0.226456 0.497389 0.033224 0.148593
0 0.377471 0.275218 0.050276 0.121602
0 0.345367 0.346060 0.045849 0.118102
0 0.329396 0.453931 0.052354 0.081750
0 0.337560 0.508250 0.044359 0.098241
0 0.347948 0.540773 0.041021 0.101639
0 0.310586 0.571259 0.047339 0.100574
0 0.278604 0.603995 0.064385 0.111139
0 0.229125 0.742130 0.055875 0.130463
0 0.467034 0.105176 0.049901 0.117796
0 0.682307 0.117296 0.037688 0.122593
0 0.567388 0.358884 0.035068 0.126269
0 0.500372 0.287185 0.039776 0.133889
0 0.478602 0.500431 0.041422 0.111694
0 0.440628 0.376583 0.040464 0.133852
0 0.422177 0.468657 0.050448 0.078704
0 0.416406 0.537343 0.062667 0.091870
0 0.364982 0.684657 0.047130 0.111111
0 0.344464 0.751699 0.043229 0.153713
0 0.813581 0.367894 0.040432 0.137472
0 0.748445 0.672694 0.045755 0.150500
