0 0.203185 0.449926 0.030526 0.121481
0 0.185839 0.485282 0.033719 0.148139
0 0.373753 0.275083 0.054036 0.121944
0 0.332914 0.364486 0.037870 0.102306
0 0.330138 0.458704 0.053641 0.073944
0 0.337560 0.509787 0.044359 0.098241
0 0.347661 0.541287 0.041021 0.101630
0 0.309721 0.571769 0.047339 0.100574
0 0.276870 0.604764 0.062667 0.112676
0 0.228010 0.742343 0.055875 0.130463
0 0.467034 0.105519 0.049901 0.117796
0 0.707888 0.118444 0.037682 0.122593
0 0.561836 0.374005 0.035109 0.123806
0 0.483089 0.283685 0.039781 0.133889
0 0.477357 0.500079 0.041859 0.108806
0 0.440391 0.384995 0.050010 0.118435
0 0.420677 0.469074 0.060937 0.078833
0 0.415341 0.538162 0.064391 0.092120
0 0.356495 0.691833 0.062844 0.098074
0 0.308406 0.759486 0.037792 0.157083
0 0.841266 0.372472 0.040427 0.137481
0 0.769503 0.665111 0.045755 0.150500
