0 0.202969 0.450000 0.030521 0.121481
0 0.185839 0.485125 0.033719 0.148139
0 0.373792 0.275046 0.054042 0.121944
0 0.337492 0.358968 0.036578 0.098731
0 0.330161 0.458662 0.053646 0.073954
0 0.337560 0.509731 0.044359 0.098241
0 0.347672 0.541269 0.041021 0.101630
0 0.309753 0.571755 0.047339 0.100565
0 0.276927 0.604736 0.062729 0.112620
0 0.228047 0.742343 0.055875 0.130463
0 0.467034 0.105509 0.049901 0.117796
0 0.707404 0.118444 0.037682 0.122593
0 0.562526 0.366968 0.035104 0.123806
0 0.483563 0.283458 0.039781 0.133880
0 0.477432 0.500042 0.041865 0.108806
0 0.440862 0.384421 0.049839 0.119120
0 0.420677 0.469005 0.060937 0.078843
0 0.415365 0.538079 0.064385 0.092120
0 0.356495 0.691796 0.062844 0.098074
0 0.308484 0.759523 0.037500 0.157157
0 0.841437 0.373009 0.040427 0.137481
0 0.769503 0.662199 0.045755 0.150509
