0 0.210057 0.450745 0.039563 0.121343
0 0.201776 0.498694 0.052813 0.141852
0 0.381232 0.279255 0.045901 0.121250
0 0.346583 0.352352 0.045479 0.118593
0 0.333565 0.456634 0.051484 0.078231
0 0.339781 0.510481 0.043250 0.093667
0 0.349714 0.542611 0.042323 0.102852
0 0.313982 0.571963 0.044620 0.101111
0 0.280826 0.600069 0.064443 0.115028
0 0.234250 0.740625 0.055885 0.127917
0 0.467396 0.110606 0.052063 0.112657
0 0.632310 0.122310 0.037682 0.122602
0 0.570646 0.362981 0.033438 0.134056
0 0.526060 0.294398 0.033130 0.130648
0 0.478297 0.500907 0.039917 0.121648
0 0.441380 0.380796 0.044510 0.128778
0 0.423815 0.470704 0.058807 0.090315
0 0.415664 0.537588 0.062828 0.095009
0 0.368232 0.684648 0.065766 0.110685
0 0.326263 0.753051 0.040682 0.151417
0 0.817109 0.383972 0.050052 0.129963
0 0.760174 0.661972 0.043339 0.141944
