0 0.212479 0.451431 0.039021 0.117491
0 0.190388 0.498056 0.037026 0.141852
0 0.381115 0.281829 0.045667 0.121250
0 0.347753 0.352630 0.045464 0.118593
0 0.334581 0.460431 0.052193 0.070861
0 0.339781 0.511204 0.043250 0.092222
0 0.349589 0.543685 0.042073 0.100704
0 0.314516 0.573407 0.043885 0.091815
0 0.282271 0.598782 0.064438 0.115028
0 0.236896 0.739778 0.055896 0.126222
0 0.467638 0.114458 0.053505 0.109231
0 0.617333 0.132222 0.037688 0.122593
0 0.561044 0.360551 0.033078 0.133213
0 0.549383 0.311620 0.033130 0.130648
0 0.479380 0.499620 0.039917 0.121648
0 0.444510 0.380796 0.044510 0.128778
0 0.426922 0.474759 0.059385 0.090852
0 0.419115 0.537454 0.063125 0.095278
0 0.371951 0.671389 0.063599 0.128704
0 0.362174 0.759870 0.040193 0.151630
0 0.793312 0.379444 0.050052 0.129963
0 0.757078 0.656111 0.043333 0.141944
