0 0.241089 0.472852 0.040823 0.130333
0 0.306687 0.519472 0.043167 0.146130
0 0.380138 0.275338 0.047547 0.121361
0 0.345948 0.348486 0.045719 0.118565
0 0.326529 0.444801 0.049339 0.099972
0 0.339781 0.508796 0.043250 0.097037
0 0.349253 0.540921 0.042141 0.104602
0 0.315341 0.570889 0.047339 0.103259
0 0.278659 0.602653 0.064443 0.113713
0 0.229909 0.741972 0.055870 0.130463
0 0.467034 0.104935 0.049901 0.117796
0 0.665919 0.122310 0.037682 0.122602
0 0.570167 0.358347 0.034979 0.132009
0 0.496878 0.275741 0.039776 0.133889
0 0.478721 0.501333 0.040401 0.118444
0 0.442430 0.378097 0.042328 0.131565
0 0.424456 0.469949 0.050682 0.082861
0 0.417758 0.539444 0.058641 0.091296
0 0.361716 0.687963 0.058797 0.104074
0 0.345299 0.762060 0.048641 0.167731
0 0.823263 0.365671 0.040432 0.137472
0 0.742591 0.679102 0.045755 0.150500
