0 0.248286 0.478097 0.038260 0.130824
0 0.295396 0.514454 0.043167 0.146130
0 0.379628 0.275315 0.048068 0.121407
0 0.345857 0.347931 0.045745 0.118565
0 0.327076 0.446537 0.049911 0.096500
0 0.339781 0.508556 0.043250 0.097519
0 0.348995 0.540889 0.041917 0.104000
0 0.315341 0.571426 0.047339 0.102185
0 0.278659 0.602917 0.064443 0.113185
0 0.229760 0.742000 0.055875 0.130463
0 0.467034 0.104981 0.049901 0.117796
0 0.669055 0.121069 0.037682 0.122602
0 0.569638 0.358449 0.034995 0.130917
0 0.497479 0.278037 0.039781 0.133889
0 0.478698 0.501162 0.040594 0.117157
0 0.443057 0.377556 0.041885 0.132130
0 0.424128 0.469537 0.050359 0.082407
0 0.417500 0.539046 0.059406 0.091407
0 0.361990 0.686167 0.056365 0.107667
0 0.347461 0.757162 0.045411 0.162713
0 0.819633 0.363995 0.040432 0.137472
0 0.743706 0.677880 0.045755 0.150500
