0 0.231432 0.421167 0.033646 0.121648
0 0.219857 0.465972 0.034786 0.133815
0 0.368573 0.297491 0.033073 0.124685
0 0.360531 0.348782 0.027375 0.119620
0 0.364044 0.406458 0.027443 0.088991
0 0.360833 0.469912 0.037208 0.114528
0 0.366008 0.500639 0.032620 0.121648
0 0.333503 0.527713 0.043911 0.090222
0 0.320271 0.556194 0.050750 0.125704
0 0.278846 0.686407 0.038609 0.134926
0 0.473526 0.137065 0.034729 0.105333
0 0.566385 0.222065 0.031365 0.122667
0 0.501237 0.369667 0.028453 0.118407
0 0.523018 0.377880 0.033130 0.122667
0 0.498984 0.474287 0.039917 0.121648
0 0.464427 0.387616 0.033073 0.127731
0 0.451398 0.426333 0.031193 0.121648
0 0.433807 0.481991 0.037521 0.135833
0 0.382076 0.613597 0.045141 0.135880
0 0.382172 0.690620 0.032219 0.141722
0 0.697536 0.408694 0.042198 0.125704
0 0.660729 0.583060 0.041802 0.127324
