0 0.204263 0.449537 0.030526 0.121481
0 0.185839 0.486046 0.033719 0.148148
0 0.373560 0.275250 0.054036 0.121944
0 0.310831 0.396579 0.044328 0.116843
0 0.330023 0.458907 0.053641 0.073944
0 0.337560 0.510037 0.044359 0.098241
0 0.347615 0.541370 0.041021 0.101630
0 0.309576 0.571856 0.047339 0.100565
0 0.276578 0.604894 0.062385 0.112935
0 0.227823 0.742380 0.055875 0.130463
0 0.467034 0.105574 0.049901 0.117796
0 0.710307 0.118444 0.037688 0.122593
0 0.558393 0.409218 0.035109 0.123806
0 0.480719 0.284833 0.039781 0.133889
0 0.476971 0.500245 0.041859 0.108806
0 0.438026 0.387870 0.050885 0.115000
0 0.420677 0.469417 0.060937 0.078833
0 0.415227 0.538569 0.064391 0.092120
0 0.356495 0.692005 0.062844 0.098065
0 0.308003 0.759306 0.039245 0.156685
0 0.840404 0.369796 0.040432 0.137481
0 0.769503 0.679653 0.045755 0.150509
