0 0.228010 0.433333 0.033646 0.121648
0 0.215409 0.479352 0.034786 0.133815
0 0.375417 0.294449 0.033073 0.124694
0 0.363612 0.352431 0.027370 0.119620
0 0.359081 0.421671 0.031214 0.087787
0 0.353818 0.488764 0.038240 0.096269
0 0.360878 0.524356 0.036734 0.103380
0 0.330081 0.549611 0.043911 0.090222
0 0.305901 0.575657 0.050750 0.125704
0 0.263971 0.705565 0.044432 0.135519
0 0.471990 0.132514 0.034396 0.110824
0 0.578018 0.204426 0.031359 0.122667
0 0.512021 0.370889 0.031521 0.123278
0 0.536362 0.370579 0.033130 0.122657
0 0.491115 0.482801 0.039917 0.121657
0 0.451083 0.387005 0.033073 0.127731
0 0.443701 0.445194 0.037005 0.121648
0 0.433466 0.500236 0.040266 0.135843
0 0.382755 0.636708 0.052656 0.135880
0 0.374820 0.719815 0.033932 0.140500
0 0.721146 0.406870 0.042198 0.125704
0 0.684167 0.605556 0.042823 0.137074
