0 0.140286 0.566264 0.034969 0.076380
0 0.108878 0.481190 0.029964 0.086472
0 0.429812 0.476463 0.021969 0.088852
0 0.618552 0.376120 0.019667 0.084111
0 0.219138 0.483699 0.035182 0.094361
0 0.128206 0.469602 0.029943 0.093389
0 0.201865 0.527292 0.044167 0.081269
0 0.150380 0.541597 0.030031 0.069361
0 0.381635 0.450634 0.046365 0.047454
0 0.808057 0.328917 0.037396 0.083463
0 0.836896 0.325380 0.026792 0.079167
0 0.633526 0.385116 0.024990 0.084528
0 0.444401 0.483926 0.028281 0.093741
0 0.164281 0.533611 0.021146 0.088907
0 0.268021 0.476704 0.027635 0.090778
0 0.264161 0.489662 0.029073 0.086139
0 0.180333 0.554056 0.030948 0.096222
0 0.389573 0.432894 0.027208 0.068287
0 0.972586 0.454056 0.037578 0.088556
0 0.586227 0.570995 0.035714 0.098509
0 0.242826 0.497421 0.026016 0.096065
