0 0.208445 0.450287 0.039922 0.123907
0 0.215750 0.501269 0.052812 0.141852
0 0.381310 0.277542 0.046057 0.121250
0 0.346398 0.351250 0.045547 0.118593
0 0.330438 0.452569 0.050531 0.085509
0 0.339781 0.510000 0.043250 0.094630
0 0.349797 0.541894 0.042490 0.104287
0 0.314586 0.570889 0.045828 0.103259
0 0.279862 0.600926 0.064443 0.115019
0 0.232487 0.741190 0.055880 0.129046
0 0.467234 0.108037 0.051104 0.114944
0 0.644839 0.122310 0.037687 0.122602
0 0.572815 0.357838 0.034891 0.137472
0 0.503893 0.284972 0.033130 0.130648
0 0.477573 0.501764 0.039917 0.121657
0 0.439292 0.380796 0.044510 0.128778
0 0.424000 0.470491 0.056490 0.088185
0 0.416263 0.538116 0.061630 0.093954
0 0.361708 0.694921 0.067208 0.098676
0 0.317596 0.757769 0.042620 0.150574
0 0.828674 0.382259 0.050047 0.129963
0 0.755839 0.670537 0.043333 0.141944
