0 0.203617 0.449769 0.030526 0.121481
0 0.185839 0.485588 0.033719 0.148139
0 0.373674 0.275148 0.054036 0.121944
0 0.323760 0.375519 0.040448 0.109444
0 0.330094 0.458787 0.053646 0.073944
0 0.337560 0.509889 0.044359 0.098241
0 0.347641 0.541319 0.041021 0.101639
0 0.309664 0.571806 0.047339 0.100574
0 0.276753 0.604815 0.062557 0.112778
0 0.227937 0.742361 0.055875 0.130463
0 0.467034 0.105537 0.049901 0.117796
0 0.708854 0.118444 0.037688 0.122593
0 0.560458 0.388088 0.035104 0.123806
0 0.482141 0.284148 0.039781 0.133889
0 0.477201 0.500144 0.041859 0.108806
0 0.439445 0.386144 0.050359 0.117065
0 0.420677 0.469213 0.060937 0.078833
0 0.415297 0.538329 0.064385 0.092120
0 0.356495 0.691903 0.062844 0.098065
0 0.308245 0.759417 0.038375 0.156926
0 0.840919 0.371403 0.040432 0.137472
0 0.769503 0.670926 0.045755 0.150500
