0 0.264214 0.599426 0.024490 0.086148
0 0.124630 0.515722 0.027719 0.037630
0 0.444346 0.502639 0.025359 0.075648
0 0.608844 0.328282 0.025438 0.064361
0 0.265797 0.460204 0.023198 0.084222
0 0.113948 0.475690 0.022208 0.075102
0 0.216760 0.545773 0.025167 0.083213
0 0.354133 0.449764 0.026495 0.031398
0 0.856651 0.418028 0.024615 0.076722
0 0.851365 0.401491 0.018969 0.069815
0 0.584266 0.336426 0.026677 0.060667
0 0.445156 0.511866 0.026667 0.083491
0 0.177578 0.548606 0.026615 0.080750
0 0.340539 0.452213 0.020797 0.080019
0 0.305966 0.481269 0.028276 0.078963
0 0.239745 0.533009 0.030979 0.082870
0 0.390594 0.376199 0.022646 0.074639
0 0.877466 0.433528 0.021776 0.071278
0 0.530318 0.496176 0.019365 0.074685
0 0.287031 0.494162 0.020240 0.084269
0 0.136409 0.457389 0.022703 0.081370
0 0.159591 0.520356 0.025234 0.082694
