0 0.229151 0.429278 0.033646 0.121648
0 0.216891 0.474898 0.034781 0.133815
0 0.373135 0.295463 0.033073 0.124685
0 0.362586 0.351218 0.027370 0.119620
0 0.360737 0.416602 0.029953 0.088185
0 0.356156 0.482481 0.037896 0.102352
0 0.362586 0.516449 0.035359 0.109472
0 0.331221 0.542306 0.043911 0.090222
0 0.310693 0.569176 0.050750 0.125704
0 0.268930 0.699181 0.042495 0.135324
0 0.472500 0.134032 0.034510 0.108991
0 0.574141 0.210306 0.031365 0.122667
0 0.508427 0.370481 0.030500 0.121648
0 0.531914 0.373014 0.033130 0.122657
0 0.493740 0.479963 0.039917 0.121648
0 0.455531 0.387208 0.033073 0.127731
0 0.446268 0.438907 0.035068 0.121648
0 0.433581 0.494153 0.039349 0.135843
0 0.382529 0.629005 0.050151 0.135880
0 0.377271 0.710083 0.033365 0.140907
0 0.713276 0.407481 0.042198 0.125704
0 0.676354 0.598060 0.042479 0.133824
