0 0.242888 0.474162 0.040182 0.130454
0 0.303865 0.518222 0.043167 0.146130
0 0.380010 0.275333 0.047677 0.121370
0 0.345924 0.348347 0.045724 0.118565
0 0.326667 0.445236 0.049479 0.099102
0 0.339781 0.508736 0.043250 0.097157
0 0.349188 0.540912 0.042083 0.104454
0 0.315341 0.571023 0.047339 0.102991
0 0.278659 0.602718 0.064443 0.113583
0 0.229870 0.741981 0.055875 0.130463
0 0.467034 0.104949 0.049901 0.117787
0 0.666703 0.122000 0.037687 0.122593
0 0.570036 0.358375 0.034979 0.131731
0 0.497029 0.276315 0.039776 0.133889
0 0.478716 0.501292 0.040453 0.118120
0 0.442586 0.377963 0.042214 0.131704
0 0.424375 0.469847 0.050604 0.082750
0 0.417693 0.539347 0.058833 0.091324
0 0.361786 0.687514 0.058188 0.104972
0 0.345844 0.760838 0.047833 0.166472
0 0.822357 0.365250 0.040432 0.137481
0 0.742870 0.678796 0.045760 0.150500
