0 0.195703 0.468861 0.037969 0.118870
0 0.179117 0.496991 0.045401 0.138296
0 0.375732 0.279907 0.060391 0.127593
0 0.339484 0.362356 0.049771 0.110491
0 0.311844 0.436806 0.047312 0.086759
0 0.320461 0.484912 0.044380 0.117194
0 0.324346 0.521657 0.042151 0.117519
0 0.299737 0.546347 0.048151 0.125787
0 0.239737 0.608333 0.055234 0.123889
0 0.235065 0.741810 0.049286 0.138398
0 0.471034 0.119736 0.065109 0.109102
0 0.723745 0.135491 0.037448 0.112870
0 0.581432 0.407338 0.037823 0.127306
0 0.468367 0.293014 0.039776 0.133880
0 0.471464 0.497995 0.058792 0.112769
0 0.420404 0.389347 0.065203 0.113380
0 0.373266 0.452366 0.052583 0.092694
0 0.383323 0.532134 0.066333 0.122009
0 0.315076 0.665630 0.063047 0.132389
0 0.307406 0.764130 0.039792 0.145167
0 0.911060 0.362819 0.041526 0.130583
0 0.797628 0.746065 0.052474 0.146981
