0 0.564174 0.426366 0.047234 0.256602
0 0.453716 0.561819 0.113193 0.106398
0 0.237008 0.113704 0.072766 0.227407
0 0.378971 0.624986 0.080505 0.327176
0 0.171753 0.809926 0.075995 0.324056
0 0.564263 0.222574 0.042484 0.234259
0 0.520839 0.136481 0.067323 0.257574
0 0.586578 0.228736 0.048135 0.198509
0 0.468076 0.446579 0.030151 0.089380
0 0.390620 0.318000 0.063542 0.283630
0 0.259859 0.484213 0.075010 0.327648
0 0.607240 0.303444 0.049854 0.199315
0 0.363445 0.481194 0.044099 0.226185
0 0.173023 0.498977 0.088797 0.312620
0 0.474589 0.450139 0.044198 0.089019
0 0.600901 0.455116 0.045062 0.278176
0 0.392487 0.515014 0.051984 0.294657
0 0.333380 0.471153 0.062740 0.287898
0 0.443695 0.437741 0.048682 0.078963
0 0.542813 0.591171 0.060896 0.286880
0 0.603320 0.421259 0.047443 0.261426
0 0.472115 0.443319 0.033281 0.117139
0 0.457034 0.549634 0.053891 0.302435
