0 0.566768 0.428403 0.048339 0.270972
0 0.499021 0.359884 0.077594 0.355991
0 0.542299 0.448162 0.090422 0.315509
0 0.438698 0.424208 0.080646 0.338417
0 0.733203 0.454662 0.088354 0.393065
0 0.401521 0.566306 0.137500 0.264981
0 0.191063 0.635481 0.119219 0.446630
0 0.464471 0.138750 0.062026 0.261611
0 0.672982 0.160435 0.089786 0.304611
0 0.468076 0.446579 0.030151 0.089380
0 0.223026 0.263537 0.080646 0.399815
0 0.124810 0.391644 0.099630 0.426565
0 0.551289 0.305306 0.060964 0.268093
0 0.349469 0.402213 0.049042 0.216315
0 0.474589 0.450139 0.044198 0.089019
0 0.642922 0.459750 0.064854 0.389704
0 0.329836 0.528551 0.087193 0.412194
0 0.303258 0.470167 0.058172 0.291537
0 0.443695 0.437741 0.048682 0.078963
0 0.546784 0.669139 0.088505 0.401963
0 0.623208 0.424625 0.047823 0.273157
0 0.472115 0.443319 0.033281 0.117139
0 0.441445 0.532722 0.079682 0.416111
