0 0.298885 0.420019 0.044635 0.088981
0 0.205818 0.298894 0.042052 0.134917
0 0.427031 0.570370 0.054198 0.129944
0 0.386469 0.798278 0.056385 0.160093
0 0.624018 0.277148 0.043307 0.102167
0 0.407865 0.100204 0.043562 0.117389
0 0.599492 0.161366 0.046078 0.100639
0 0.551500 0.273468 0.033073 0.104491
0 0.373138 0.312773 0.034464 0.109176
0 0.341615 0.375167 0.049833 0.096796
0 0.437115 0.412727 0.042552 0.111750
0 0.268490 0.366963 0.037771 0.093407
0 0.281187 0.460028 0.036667 0.110704
0 0.397130 0.304435 0.036292 0.096611
0 0.470302 0.422296 0.048646 0.137537
0 0.359419 0.410093 0.040568 0.109463
0 0.236622 0.437319 0.047172 0.071843
0 0.287474 0.487894 0.040073 0.122120
0 0.475867 0.758694 0.059443 0.164722
0 0.710117 0.552477 0.060964 0.150472
0 0.497560 0.380778 0.056005 0.106593
0 0.391727 0.697074 0.054443 0.129722
