0 0.245130 0.298472 0.032135 0.114352
0 0.236336 0.331481 0.034578 0.134926
0 0.255508 0.543537 0.059630 0.129148
0 0.150250 0.746292 0.056385 0.150361
0 0.401336 0.207542 0.047380 0.097880
0 0.417737 0.121528 0.043568 0.117389
0 0.623393 0.135060 0.040568 0.109935
0 0.570836 0.223708 0.042641 0.124213
0 0.359909 0.304106 0.034307 0.090065
0 0.355648 0.340889 0.038120 0.067704
0 0.362755 0.373755 0.038562 0.094380
0 0.334411 0.401551 0.041385 0.091602
0 0.304411 0.414440 0.052188 0.116176
0 0.440823 0.267282 0.051833 0.123917
0 0.524755 0.414264 0.041927 0.139417
0 0.412930 0.362296 0.056849 0.095852
0 0.387677 0.424759 0.059281 0.107463
0 0.355352 0.476574 0.050245 0.132630
0 0.435625 0.804389 0.052562 0.164722
0 0.713174 0.646194 0.054349 0.150463
0 0.789062 0.295708 0.051677 0.126713
0 0.404117 0.525023 0.054443 0.142120
