0 0.244224 0.303847 0.033948 0.096102
0 0.243078 0.334389 0.042052 0.134926
0 0.256151 0.545102 0.059635 0.129148
0 0.150745 0.751769 0.056385 0.150352
0 0.405396 0.205069 0.047375 0.097880
0 0.420826 0.121528 0.043568 0.117389
0 0.646372 0.144181 0.040568 0.109935
0 0.567430 0.228116 0.038714 0.116120
0 0.360044 0.303028 0.034307 0.097463
0 0.355648 0.339440 0.038120 0.070602
0 0.361945 0.371894 0.039734 0.097676
0 0.334411 0.399481 0.041385 0.095741
0 0.303133 0.414440 0.049630 0.116176
0 0.439729 0.273324 0.055469 0.105667
0 0.521023 0.413435 0.041932 0.139407
0 0.411555 0.359819 0.054109 0.095843
0 0.382620 0.424139 0.065438 0.107463
0 0.355125 0.480769 0.053677 0.132630
0 0.447453 0.808130 0.052563 0.164722
0 0.722971 0.662370 0.054349 0.150463
0 0.781784 0.296699 0.051672 0.126713
0 0.388721 0.515278 0.054443 0.142130
