0 0.244365 0.303009 0.033667 0.098963
0 0.242250 0.333653 0.042052 0.134917
0 0.256052 0.544852 0.059635 0.129148
0 0.150880 0.751917 0.056385 0.150352
0 0.400424 0.204329 0.047380 0.097880
0 0.420341 0.121528 0.043568 0.117389
0 0.641503 0.142060 0.040568 0.109935
0 0.567961 0.227431 0.039328 0.117380
0 0.360023 0.303199 0.034307 0.096306
0 0.355648 0.339667 0.038120 0.070148
0 0.362073 0.372185 0.039552 0.097167
0 0.334411 0.399806 0.041385 0.095093
0 0.303333 0.414440 0.050031 0.116176
0 0.439547 0.272333 0.055656 0.106315
0 0.521607 0.413565 0.041932 0.139407
0 0.411771 0.360208 0.054542 0.095843
0 0.383409 0.424231 0.064474 0.107463
0 0.355159 0.480116 0.053141 0.132639
0 0.446216 0.807630 0.052568 0.164722
0 0.714185 0.653394 0.054349 0.150472
0 0.782919 0.296546 0.051672 0.126704
0 0.387586 0.513824 0.054443 0.142130
