0 0.239099 0.315694 0.044198 0.105296
0 0.245727 0.336745 0.042057 0.134917
0 0.262443 0.550713 0.069625 0.129148
0 0.153318 0.745306 0.056385 0.150352
0 0.425419 0.208495 0.047380 0.097880
0 0.422367 0.121528 0.043568 0.117389
0 0.662294 0.151644 0.040568 0.109935
0 0.565724 0.230324 0.036750 0.112074
0 0.360112 0.302491 0.034307 0.101167
0 0.355648 0.338713 0.038120 0.072056
0 0.361542 0.370963 0.040323 0.099333
0 0.334411 0.398444 0.041385 0.097815
0 0.302492 0.414440 0.048349 0.116176
0 0.440555 0.276231 0.054266 0.106796
0 0.519156 0.413019 0.041927 0.139407
0 0.410867 0.358583 0.052745 0.095852
0 0.380094 0.423824 0.068521 0.107463
0 0.355013 0.482866 0.055391 0.132639
0 0.451409 0.809759 0.052568 0.164722
0 0.763214 0.686319 0.054344 0.150472
0 0.778143 0.297199 0.051672 0.126713
0 0.409977 0.527954 0.054443 0.142130
