0 0.414924 0.430528 0.043943 0.098019
0 0.239654 0.263639 0.042464 0.136481
0 0.581357 0.579199 0.056089 0.170454
0 0.482273 0.779468 0.050109 0.181676
0 0.627786 0.369486 0.034323 0.132935
0 0.457937 0.132736 0.043562 0.134306
0 0.496859 0.281403 0.044365 0.131917
0 0.411091 0.422185 0.030151 0.089389
0 0.507617 0.314560 0.045526 0.154343
0 0.361802 0.494532 0.039792 0.136602
0 0.646044 0.460634 0.057349 0.148602
0 0.381505 0.403375 0.052875 0.094861
0 0.338695 0.534097 0.049359 0.173009
0 0.465648 0.351102 0.041036 0.128315
0 0.585820 0.464463 0.053151 0.108315
0 0.360995 0.516588 0.042844 0.145065
0 0.281076 0.428875 0.050484 0.157120
0 0.433227 0.459653 0.048682 0.101287
0 0.471091 0.500213 0.044109 0.139241
0 0.629510 0.439773 0.051479 0.123898
0 0.414432 0.424718 0.033281 0.117139
0 0.457203 0.676347 0.043552 0.172880
