0 0.339469 0.424227 0.044635 0.101843
0 0.193437 0.278384 0.042052 0.134917
0 0.502406 0.586199 0.056146 0.144620
0 0.433276 0.836579 0.056385 0.173083
0 0.664630 0.336222 0.050219 0.125370
0 0.403029 0.068019 0.043568 0.117389
0 0.575602 0.196759 0.046078 0.124204
0 0.510552 0.346449 0.048469 0.122417
0 0.421013 0.324296 0.040578 0.134315
0 0.360698 0.415625 0.046135 0.118454
0 0.492396 0.461907 0.043083 0.141963
0 0.227036 0.362671 0.037771 0.122769
0 0.314026 0.509708 0.036667 0.142787
0 0.445656 0.318463 0.036292 0.136185
0 0.525193 0.458250 0.046990 0.135019
0 0.328435 0.443278 0.040568 0.071759
0 0.179932 0.442681 0.066927 0.120639
0 0.347961 0.524796 0.043859 0.124000
0 0.449021 0.688046 0.045646 0.156259
0 0.587510 0.518995 0.048219 0.124046
0 0.424010 0.435259 0.041698 0.119111
0 0.376659 0.763481 0.050714 0.160852
