0 0.243513 0.299694 0.035359 0.120037
0 0.238271 0.332380 0.035406 0.134926
0 0.255164 0.542704 0.059630 0.129148
0 0.147755 0.747519 0.056385 0.150352
0 0.401909 0.209560 0.047380 0.097880
0 0.417135 0.121856 0.043562 0.115417
0 0.608802 0.131255 0.037479 0.109935
0 0.572117 0.224023 0.044109 0.123306
0 0.359836 0.304681 0.034307 0.086139
0 0.355648 0.341662 0.038120 0.066157
0 0.363185 0.374745 0.037943 0.092620
0 0.334411 0.402653 0.041385 0.089398
0 0.305091 0.414440 0.053547 0.116176
0 0.442607 0.267282 0.048266 0.123917
0 0.528190 0.413259 0.041932 0.139407
0 0.413659 0.363611 0.058307 0.095852
0 0.390362 0.425083 0.056005 0.107463
0 0.355471 0.474347 0.048422 0.132639
0 0.424591 0.797380 0.052568 0.164722
0 0.712536 0.641662 0.054344 0.150472
0 0.786190 0.294903 0.051672 0.126713
0 0.396471 0.519935 0.054443 0.142130
