0 0.244167 0.304185 0.034062 0.094963
0 0.243409 0.334681 0.042057 0.134917
0 0.256193 0.545194 0.059635 0.129148
0 0.150526 0.751259 0.056385 0.150352
0 0.407898 0.205495 0.047380 0.097880
0 0.421018 0.121528 0.043568 0.117389
0 0.648471 0.145116 0.040568 0.109935
0 0.567214 0.228398 0.038469 0.115611
0 0.360052 0.302963 0.034312 0.097926
0 0.355648 0.339347 0.038120 0.070787
0 0.361896 0.371778 0.039812 0.097889
0 0.334411 0.399352 0.041385 0.096000
0 0.303052 0.414440 0.049469 0.116176
0 0.439831 0.273690 0.055318 0.105806
0 0.520789 0.413384 0.041932 0.139417
0 0.411471 0.359667 0.053943 0.095852
0 0.382307 0.424097 0.065823 0.107454
0 0.355112 0.481032 0.053891 0.132639
0 0.447948 0.808333 0.052562 0.164722
0 0.727346 0.666727 0.054349 0.150472
0 0.781328 0.296764 0.051677 0.126713
0 0.389596 0.516208 0.054443 0.142120
