0 0.244750 0.298759 0.032896 0.115685
0 0.235031 0.331694 0.031250 0.134926
0 0.255427 0.543343 0.059635 0.129148
0 0.150409 0.746324 0.056380 0.150352
0 0.401471 0.208014 0.047380 0.097880
0 0.417352 0.121528 0.043568 0.117389
0 0.619836 0.134542 0.040568 0.109935
0 0.571263 0.223153 0.043130 0.125231
0 0.359893 0.304245 0.034307 0.089139
0 0.355648 0.341069 0.038120 0.067343
0 0.362857 0.373986 0.038422 0.093954
0 0.334411 0.401810 0.041385 0.091083
0 0.304573 0.414440 0.052510 0.116176
0 0.441242 0.267282 0.050995 0.123917
0 0.525221 0.414370 0.041932 0.139407
0 0.413102 0.362606 0.057193 0.095843
0 0.388310 0.424833 0.058505 0.107463
0 0.355378 0.476051 0.049818 0.132639
0 0.432677 0.803731 0.052563 0.164722
0 0.713023 0.645130 0.054349 0.150463
0 0.789073 0.295542 0.051677 0.126713
0 0.404013 0.524667 0.054443 0.142130
