0 0.244466 0.298977 0.033464 0.116694
0 0.234052 0.331852 0.028760 0.134926
0 0.255367 0.543194 0.059630 0.129148
0 0.150695 0.746972 0.056380 0.150352
0 0.401573 0.208370 0.047375 0.097870
0 0.417063 0.121528 0.043562 0.117389
0 0.616508 0.134542 0.040568 0.109935
0 0.571583 0.222741 0.043500 0.125981
0 0.359880 0.304343 0.034312 0.088444
0 0.355648 0.341208 0.038120 0.067065
0 0.362932 0.374162 0.038313 0.093657
0 0.334411 0.402005 0.041385 0.090694
0 0.304693 0.414440 0.052750 0.116176
0 0.441557 0.267282 0.050365 0.123917
0 0.525570 0.414444 0.041932 0.139407
0 0.413232 0.362838 0.057453 0.095843
0 0.388784 0.424889 0.057932 0.107463
0 0.355401 0.475657 0.049500 0.132630
0 0.430466 0.803241 0.052568 0.164722
0 0.712911 0.644329 0.054344 0.150472
0 0.788409 0.295394 0.051672 0.126713
0 0.402018 0.522894 0.054443 0.142120
