0 0.244940 0.298616 0.032516 0.115028
0 0.235682 0.331588 0.032917 0.134917
0 0.255466 0.543435 0.059630 0.129148
0 0.150216 0.745889 0.056380 0.150352
0 0.401404 0.207778 0.047380 0.097870
0 0.417544 0.121528 0.043568 0.117389
0 0.622055 0.134542 0.040568 0.109935
0 0.571049 0.223431 0.042880 0.124713
0 0.359901 0.304171 0.034312 0.089602
0 0.355648 0.340981 0.038120 0.067519
0 0.362805 0.373870 0.038495 0.094167
0 0.334411 0.401681 0.041385 0.091343
0 0.304492 0.414440 0.052349 0.116176
0 0.441034 0.267282 0.051411 0.123917
0 0.524987 0.414315 0.041932 0.139407
0 0.413016 0.362449 0.057021 0.095843
0 0.387992 0.424796 0.058891 0.107463
0 0.355365 0.476315 0.050031 0.132630
0 0.434151 0.804065 0.052562 0.164722
0 0.713099 0.645662 0.054344 0.150472
0 0.789516 0.295644 0.051677 0.126713
0 0.405341 0.525852 0.054443 0.142130
