0 0.434604 0.440333 0.044635 0.088981
0 0.246018 0.260144 0.044505 0.144250
0 0.578443 0.571968 0.054198 0.170509
0 0.474539 0.765407 0.050193 0.186574
0 0.622042 0.364069 0.034208 0.129620
0 0.466219 0.152704 0.043562 0.145574
0 0.485057 0.280231 0.044479 0.133463
0 0.430396 0.435417 0.030146 0.089389
0 0.513128 0.313329 0.048703 0.154343
0 0.359583 0.502384 0.035833 0.133898
0 0.669286 0.438394 0.059760 0.154343
0 0.420844 0.410560 0.048385 0.070565
0 0.337128 0.525569 0.048130 0.173009
0 0.469760 0.370556 0.044198 0.124389
0 0.585987 0.465565 0.056047 0.105278
0 0.379167 0.524954 0.044531 0.148593
0 0.301716 0.427954 0.048849 0.148019
0 0.443695 0.437741 0.048682 0.078963
0 0.478622 0.471324 0.043870 0.128519
0 0.620474 0.420583 0.051885 0.113444
0 0.421875 0.435880 0.033281 0.117130
0 0.463721 0.644269 0.043547 0.171741
