0 0.377940 0.413241 0.043599 0.102537
0 0.215406 0.274477 0.045958 0.138417
0 0.565997 0.582333 0.054193 0.157833
0 0.481536 0.806306 0.052052 0.177685
0 0.634641 0.375301 0.040990 0.136083
0 0.435628 0.096491 0.043568 0.117389
0 0.526542 0.269616 0.045052 0.129880
0 0.413505 0.402051 0.044302 0.103398
0 0.490711 0.320500 0.040755 0.146667
0 0.364964 0.467514 0.045729 0.129306
0 0.592865 0.488750 0.049313 0.142222
0 0.293198 0.391421 0.060240 0.134139
0 0.336023 0.542269 0.051807 0.167500
0 0.467750 0.325361 0.036292 0.135574
0 0.575401 0.458870 0.046990 0.116741
0 0.330323 0.495671 0.045354 0.136231
0 0.233130 0.438819 0.052937 0.158454
0 0.397586 0.504241 0.048682 0.134759
0 0.453388 0.572097 0.044109 0.155324
0 0.615331 0.471338 0.044734 0.148361
0 0.402875 0.417500 0.036010 0.120574
0 0.435146 0.739949 0.046250 0.169454
