0 0.243133 0.299986 0.036120 0.121380
0 0.241948 0.332593 0.042052 0.134926
0 0.255083 0.542509 0.059635 0.129148
0 0.148005 0.747306 0.056385 0.150352
0 0.402044 0.210037 0.047380 0.097870
0 0.417581 0.122120 0.043568 0.113833
0 0.607073 0.128625 0.035000 0.109935
0 0.572117 0.225602 0.044109 0.120148
0 0.359820 0.304815 0.034307 0.085204
0 0.355648 0.341843 0.038120 0.065796
0 0.363286 0.374972 0.037802 0.092204
0 0.334411 0.402912 0.041385 0.088880
0 0.305253 0.414440 0.053870 0.116176
0 0.443026 0.267282 0.047427 0.123917
0 0.529815 0.412213 0.041932 0.139407
0 0.413831 0.363921 0.058651 0.095843
0 0.390995 0.425167 0.055229 0.107463
0 0.355500 0.473824 0.048000 0.132630
0 0.422641 0.793917 0.052562 0.164722
0 0.712385 0.640597 0.054344 0.150472
0 0.785302 0.294708 0.051677 0.126713
0 0.394701 0.519935 0.054443 0.142130
