0 0.460318 0.497898 0.044635 0.088981
0 0.270133 0.250792 0.053505 0.178435
0 0.539352 0.568130 0.060714 0.205222
0 0.384354 0.737750 0.050854 0.208463
0 0.611651 0.350306 0.037583 0.174259
0 0.476161 0.215042 0.043562 0.154898
0 0.481919 0.311560 0.040880 0.155787
0 0.468076 0.446579 0.030151 0.089380
0 0.507021 0.329556 0.048698 0.156185
0 0.355922 0.478148 0.042813 0.180704
0 0.662867 0.371792 0.051922 0.162731
0 0.412852 0.469676 0.086932 0.089778
0 0.317977 0.503148 0.054703 0.185500
0 0.474589 0.450139 0.044198 0.089019
0 0.559510 0.428630 0.042365 0.159370
0 0.464167 0.479833 0.041094 0.137389
0 0.345409 0.433685 0.046224 0.168185
0 0.443695 0.437741 0.048682 0.078963
0 0.511536 0.457856 0.041760 0.145213
0 0.539148 0.398097 0.044016 0.138565
0 0.472115 0.443319 0.033281 0.117139
0 0.464716 0.547551 0.043568 0.168917
