0 0.242755 0.300269 0.036875 0.122722
0 0.248922 0.333801 0.042052 0.134917
0 0.256143 0.541972 0.059630 0.129148
0 0.149156 0.745120 0.056385 0.150352
0 0.402180 0.210514 0.047380 0.097880
0 0.418023 0.122384 0.043568 0.112250
0 0.603659 0.129681 0.032328 0.109935
0 0.572117 0.227176 0.044109 0.117000
0 0.359805 0.304949 0.034307 0.084287
0 0.355648 0.342023 0.038120 0.065435
0 0.363388 0.375208 0.037651 0.091787
0 0.334411 0.403171 0.041385 0.088361
0 0.305411 0.414440 0.054187 0.116176
0 0.443445 0.267282 0.046589 0.123917
0 0.531440 0.411157 0.041932 0.139407
0 0.414005 0.364231 0.058990 0.095852
0 0.391628 0.425241 0.054464 0.107463
0 0.355529 0.473301 0.047568 0.132639
0 0.421508 0.793662 0.052568 0.164731
0 0.712237 0.639532 0.054349 0.150472
0 0.784417 0.294509 0.051677 0.126704
0 0.395586 0.521713 0.054443 0.142130
