0 0.236924 0.320625 0.048547 0.109731
0 0.243896 0.337852 0.042052 0.134926
0 0.283854 0.553472 0.074948 0.129148
0 0.173016 0.751426 0.059802 0.150352
0 0.432927 0.209782 0.047375 0.097880
0 0.422945 0.121528 0.043568 0.117389
0 0.667836 0.150134 0.040568 0.109935
0 0.565086 0.231157 0.036016 0.110556
0 0.360138 0.302292 0.034307 0.102546
0 0.355648 0.336241 0.038120 0.077000
0 0.371927 0.374065 0.040323 0.103704
0 0.328375 0.402884 0.044021 0.100139
0 0.290419 0.424236 0.049932 0.116176
0 0.415055 0.277315 0.053818 0.107222
0 0.509451 0.416065 0.043068 0.139407
0 0.392846 0.350162 0.050286 0.095843
0 0.371036 0.413333 0.064594 0.110704
0 0.321526 0.469722 0.049604 0.132630
0 0.452893 0.810366 0.052568 0.164731
0 0.782044 0.675162 0.054349 0.150472
0 0.757466 0.299472 0.053797 0.126704
0 0.415685 0.541139 0.054443 0.142130
