0 0.455724 0.516046 0.044635 0.088981
0 0.273289 0.263370 0.055964 0.187759
0 0.524344 0.585986 0.057458 0.203657
0 0.355464 0.764116 0.053406 0.217231
0 0.610958 0.367046 0.041781 0.174259
0 0.474766 0.249787 0.043562 0.173519
0 0.489247 0.336056 0.040880 0.172537
0 0.468076 0.446579 0.030151 0.089380
0 0.498648 0.355593 0.048703 0.159889
0 0.355573 0.492116 0.042812 0.193750
0 0.661477 0.392273 0.049839 0.177602
0 0.410060 0.501606 0.089724 0.104065
0 0.309253 0.522051 0.054703 0.189861
0 0.474589 0.450139 0.044198 0.089019
0 0.561510 0.456838 0.036979 0.173620
0 0.468703 0.513028 0.041094 0.174000
0 0.346620 0.466236 0.040979 0.177509
0 0.443695 0.437741 0.048682 0.078963
0 0.520984 0.490852 0.041760 0.147630
0 0.533565 0.422907 0.044016 0.153444
0 0.472115 0.443319 0.033281 0.117139
0 0.464716 0.559963 0.043568 0.183815
