0 0.464141 0.482787 0.044635 0.088981
0 0.265747 0.247250 0.051464 0.170667
0 0.549646 0.553333 0.058000 0.197333
0 0.408734 0.728963 0.048729 0.201167
0 0.612227 0.345241 0.035026 0.170537
0 0.476510 0.195190 0.043562 0.145583
0 0.477211 0.297444 0.041807 0.147407
0 0.468076 0.446579 0.030151 0.089380
0 0.512953 0.315708 0.048698 0.154343
0 0.356792 0.475921 0.041417 0.171713
0 0.667169 0.367343 0.052964 0.155296
0 0.415411 0.452051 0.085542 0.082639
0 0.324141 0.496995 0.054125 0.181250
0 0.476448 0.439806 0.044198 0.089019
0 0.560607 0.421657 0.045057 0.147500
0 0.455036 0.473157 0.044823 0.126111
0 0.341315 0.420819 0.048849 0.160417
0 0.443695 0.437741 0.048682 0.078963
0 0.502745 0.444556 0.041760 0.140907
0 0.548799 0.387551 0.044016 0.131120
0 0.472115 0.443319 0.033281 0.117139
0 0.464836 0.550856 0.043568 0.161472
