0 0.461844 0.491852 0.044635 0.088981
0 0.268589 0.247329 0.052687 0.175324
0 0.543576 0.560671 0.059630 0.202065
0 0.393984 0.728968 0.050000 0.205546
0 0.611880 0.344722 0.036188 0.174259
0 0.476628 0.203463 0.043568 0.148685
0 0.479477 0.303389 0.040880 0.150204
0 0.468076 0.446579 0.030151 0.089380
0 0.509813 0.320875 0.048698 0.154954
0 0.356036 0.473495 0.042813 0.176361
0 0.663333 0.364963 0.052615 0.157778
0 0.413784 0.459028 0.086005 0.085019
0 0.320883 0.496843 0.054703 0.184037
0 0.474589 0.450139 0.044198 0.089019
0 0.558846 0.419227 0.044161 0.154620
0 0.462656 0.468769 0.041094 0.125185
0 0.345003 0.422833 0.047974 0.165074
0 0.443695 0.437741 0.048682 0.078963
0 0.508388 0.446852 0.041766 0.144407
0 0.541008 0.389829 0.044016 0.133602
0 0.472115 0.443319 0.033281 0.117139
0 0.464716 0.543412 0.043568 0.163954
