0 0.244875 0.299981 0.032646 0.109222
0 0.239271 0.331005 0.042052 0.134917
0 0.255687 0.543972 0.059635 0.129148
0 0.150161 0.747528 0.056385 0.150352
0 0.401031 0.206468 0.047375 0.097880
0 0.418607 0.121528 0.043568 0.117389
0 0.629430 0.137394 0.040568 0.109935
0 0.569878 0.224949 0.041536 0.121935
0 0.359945 0.303806 0.034307 0.092148
0 0.355648 0.340481 0.038120 0.068519
0 0.362526 0.373227 0.038896 0.095306
0 0.334411 0.400968 0.041385 0.092769
0 0.304052 0.414440 0.051469 0.116176
0 0.439964 0.267546 0.053625 0.123000
0 0.523706 0.414032 0.041932 0.139417
0 0.412542 0.361597 0.056083 0.095843
0 0.386255 0.424583 0.061010 0.107463
0 0.355289 0.477755 0.051214 0.132639
0 0.441766 0.805796 0.052562 0.164722
0 0.713510 0.648597 0.054344 0.150472
0 0.787013 0.295986 0.051672 0.126713
0 0.398607 0.521287 0.054443 0.142130
