0 0.418445 0.432523 0.044172 0.095009
0 0.240924 0.262940 0.042870 0.138028
0 0.582284 0.578250 0.055141 0.168111
0 0.481065 0.776481 0.050266 0.182815
0 0.626599 0.368287 0.034323 0.131389
0 0.459760 0.136829 0.043562 0.137120
0 0.494245 0.280838 0.044365 0.131917
0 0.414872 0.425176 0.030151 0.089389
0 0.508805 0.314282 0.046318 0.154343
0 0.361245 0.496704 0.038802 0.135148
0 0.651513 0.456403 0.058141 0.150009
0 0.391359 0.404204 0.050719 0.088444
0 0.338461 0.532394 0.048953 0.173009
0 0.466286 0.355190 0.041823 0.128324
0 0.586336 0.465167 0.054182 0.106907
0 0.364193 0.519014 0.042844 0.145787
0 0.285523 0.428468 0.050078 0.154843
0 0.435846 0.454176 0.048682 0.095704
0 0.472758 0.493380 0.044109 0.136556
0 0.628479 0.435690 0.051802 0.120787
0 0.414896 0.427301 0.033281 0.117139
0 0.458789 0.669866 0.043547 0.172880
