0 0.421971 0.434528 0.044401 0.092000
0 0.242198 0.262236 0.043281 0.139583
0 0.583216 0.577296 0.054193 0.165778
0 0.479852 0.773491 0.050422 0.183963
0 0.625409 0.367093 0.034328 0.129833
0 0.461583 0.140912 0.043562 0.139935
0 0.491628 0.280273 0.044370 0.131917
0 0.418651 0.428176 0.030146 0.089389
0 0.509995 0.314000 0.047115 0.154333
0 0.360693 0.498875 0.037813 0.133694
0 0.656982 0.452176 0.058932 0.151426
0 0.401219 0.405032 0.048563 0.082046
0 0.338229 0.530685 0.048542 0.173000
0 0.466922 0.359278 0.042615 0.128315
0 0.586849 0.465870 0.055208 0.105500
0 0.367391 0.521440 0.042844 0.146509
0 0.289971 0.428051 0.049661 0.152565
0 0.438461 0.448699 0.048682 0.090120
0 0.474419 0.486542 0.044109 0.133880
0 0.627451 0.431602 0.052120 0.117685
0 0.415359 0.429884 0.033281 0.117139
0 0.460375 0.663384 0.043552 0.172880
