0 0.295734 0.417481 0.044635 0.088981
0 0.206594 0.300176 0.042052 0.134926
0 0.422742 0.568620 0.054193 0.129148
0 0.385794 0.792755 0.056380 0.159287
0 0.619997 0.273690 0.043307 0.100731
0 0.408102 0.102509 0.043568 0.117389
0 0.600633 0.159343 0.046078 0.100630
0 0.552841 0.270255 0.033068 0.104491
0 0.370810 0.311931 0.033818 0.106657
0 0.340672 0.374574 0.049833 0.096796
0 0.433841 0.410421 0.044141 0.111750
0 0.271380 0.368116 0.037771 0.089213
0 0.278771 0.458454 0.036667 0.110704
0 0.394063 0.303912 0.036292 0.096602
0 0.467768 0.420935 0.048880 0.138167
0 0.358919 0.407102 0.040568 0.109463
0 0.241047 0.433861 0.044573 0.070796
0 0.284289 0.485583 0.039839 0.122130
0 0.478185 0.759426 0.059443 0.164722
0 0.718156 0.554023 0.060969 0.150472
0 0.502042 0.379944 0.056010 0.113296
0 0.394146 0.689954 0.054448 0.129722
