0 0.237648 0.318977 0.047099 0.108250
0 0.246391 0.337333 0.042052 0.134926
0 0.273536 0.554676 0.077146 0.129148
0 0.166451 0.749389 0.058661 0.150352
0 0.430424 0.209352 0.047380 0.097870
0 0.422753 0.121528 0.043568 0.117389
0 0.665990 0.150634 0.040573 0.109935
0 0.565297 0.230880 0.036260 0.111056
0 0.360128 0.302356 0.034307 0.102083
0 0.355648 0.337065 0.038120 0.075352
0 0.368464 0.373032 0.040323 0.102250
0 0.330388 0.401403 0.043141 0.099361
0 0.294445 0.420968 0.049401 0.116176
0 0.423555 0.276954 0.053964 0.107074
0 0.512687 0.415046 0.042687 0.139407
0 0.398854 0.352968 0.051104 0.095843
0 0.374055 0.416833 0.065901 0.109630
0 0.332687 0.474102 0.051531 0.132630
0 0.452398 0.810167 0.052568 0.164722
0 0.775768 0.678884 0.054349 0.150472
0 0.764359 0.298713 0.053094 0.126704
0 0.413779 0.536745 0.054443 0.142120
