0 0.425495 0.436528 0.044635 0.088981
0 0.243471 0.261542 0.043693 0.141139
0 0.581625 0.575519 0.054198 0.167352
0 0.478643 0.770500 0.050578 0.185111
0 0.624219 0.365889 0.034323 0.128278
0 0.463406 0.145000 0.043562 0.142759
0 0.489010 0.279708 0.044365 0.131917
0 0.422430 0.431176 0.030151 0.089389
0 0.511182 0.313718 0.047906 0.154343
0 0.360135 0.501042 0.036823 0.132250
0 0.662451 0.447944 0.059724 0.152833
0 0.411076 0.405861 0.046411 0.075630
0 0.337997 0.528981 0.048130 0.173000
0 0.467557 0.363366 0.043406 0.128324
0 0.587365 0.466569 0.056240 0.104102
0 0.370589 0.523870 0.042844 0.147241
0 0.294419 0.427644 0.049255 0.150287
0 0.441078 0.443222 0.048677 0.084537
0 0.476086 0.479708 0.044109 0.131194
0 0.626419 0.427514 0.052443 0.114583
0 0.415828 0.432468 0.033281 0.117139
0 0.461961 0.656903 0.043547 0.172880
