0 0.566768 0.428403 0.048339 0.270972
0 0.506724 0.331824 0.077594 0.206722
0 0.549229 0.496787 0.111979 0.314148
0 0.423289 0.459819 0.080651 0.338417
0 0.679120 0.435560 0.071719 0.332657
0 0.427000 0.565032 0.137500 0.192343
0 0.265688 0.638611 0.125083 0.388519
0 0.062979 0.823324 0.093208 0.353352
0 0.517633 0.140116 0.062026 0.261620
0 0.637927 0.185611 0.079771 0.298037
0 0.468076 0.446579 0.030151 0.089380
0 0.295070 0.265574 0.067568 0.302537
0 0.184128 0.441625 0.088828 0.378602
0 0.551289 0.305306 0.060964 0.268093
0 0.349469 0.402213 0.049042 0.216315
0 0.081922 0.484741 0.092094 0.385889
0 0.474589 0.450139 0.044198 0.089019
0 0.629060 0.462509 0.055620 0.343167
0 0.336771 0.521718 0.065625 0.379343
0 0.303258 0.470167 0.058172 0.291537
0 0.443695 0.437741 0.048682 0.078963
0 0.544862 0.638315 0.070797 0.359481
0 0.623208 0.424625 0.047823 0.273157
0 0.472115 0.443319 0.033281 0.117139
0 0.451458 0.539583 0.064271 0.358611
