0 0.271922 0.375556 0.044635 0.099574
0 0.221823 0.331625 0.042052 0.134917
0 0.378854 0.580417 0.054198 0.129148
0 0.318146 0.779125 0.058010 0.150361
0 0.527089 0.235560 0.045344 0.097880
0 0.406320 0.118463 0.043568 0.117389
0 0.646406 0.155866 0.048979 0.105287
0 0.563060 0.233773 0.033682 0.105750
0 0.350016 0.309792 0.033417 0.102546
0 0.324635 0.364477 0.049833 0.096806
0 0.395005 0.404477 0.043823 0.109194
0 0.321992 0.416444 0.049693 0.109185
0 0.261250 0.451449 0.043823 0.113435
0 0.373875 0.298778 0.042240 0.104778
0 0.444187 0.415019 0.043823 0.139407
0 0.354148 0.365250 0.040568 0.109463
0 0.325427 0.395009 0.049250 0.112870
0 0.251581 0.474917 0.045745 0.132630
0 0.499799 0.822630 0.056005 0.164722
0 0.810247 0.619167 0.060964 0.150463
0 0.621109 0.338741 0.056010 0.126704
0 0.408299 0.595213 0.054443 0.142130
