0 0.314661 0.432722 0.044635 0.088981
0 0.201951 0.292486 0.042057 0.134917
0 0.448474 0.579116 0.054198 0.133935
0 0.389846 0.825903 0.056380 0.164157
0 0.644115 0.294417 0.043313 0.109315
0 0.406685 0.088671 0.043568 0.117380
0 0.593799 0.171491 0.046078 0.100630
0 0.544802 0.289546 0.033073 0.104481
0 0.384786 0.316968 0.037698 0.121750
0 0.346333 0.378139 0.049833 0.096796
0 0.453482 0.424264 0.034589 0.111750
0 0.254042 0.361199 0.037771 0.114380
0 0.293276 0.467889 0.036667 0.110704
0 0.412461 0.307056 0.036297 0.096611
0 0.482984 0.429120 0.047479 0.134407
0 0.361924 0.425028 0.040568 0.109463
0 0.214513 0.454611 0.060141 0.077074
0 0.303396 0.499421 0.041250 0.122120
0 0.464273 0.755056 0.059443 0.164722
0 0.669924 0.544736 0.060964 0.150472
0 0.475154 0.384981 0.056005 0.073056
0 0.379643 0.732713 0.054443 0.129722
