0 0.533773 0.413352 0.036495 0.127611
0 0.454432 0.547093 0.098583 0.092130
0 0.263148 0.182796 0.071589 0.236648
0 0.454328 0.615519 0.077604 0.267667
0 0.261732 0.809495 0.066620 0.277861
0 0.591982 0.307111 0.042484 0.225259
0 0.495492 0.204801 0.052776 0.231176
0 0.553539 0.290134 0.040880 0.190343
0 0.468076 0.446579 0.030151 0.089380
0 0.446648 0.327593 0.053953 0.194444
0 0.317992 0.489435 0.057849 0.254426
0 0.645497 0.373069 0.062974 0.256046
0 0.382997 0.495296 0.080599 0.163074
0 0.242875 0.510782 0.070812 0.263231
0 0.474589 0.450139 0.044198 0.089019
0 0.580146 0.459218 0.045063 0.241972
0 0.436250 0.521190 0.041094 0.223472
0 0.347995 0.463968 0.040104 0.239880
0 0.443695 0.437741 0.048682 0.078963
0 0.540737 0.543981 0.050005 0.234630
0 0.558341 0.394782 0.044016 0.155917
0 0.472115 0.443319 0.033281 0.117139
0 0.465560 0.551162 0.043568 0.235046
