0 0.356880 0.411356 0.044635 0.092657
0 0.198013 0.280407 0.048995 0.141130
0 0.547052 0.590769 0.054844 0.159037
0 0.466380 0.821333 0.056385 0.181204
0 0.637401 0.369917 0.050990 0.126833
0 0.416982 0.077639 0.043568 0.117389
0 0.550154 0.242088 0.046078 0.126824
0 0.456729 0.394153 0.064000 0.124398
0 0.470896 0.326676 0.040750 0.135148
0 0.364458 0.443829 0.045729 0.106861
0 0.555685 0.490134 0.044380 0.145324
0 0.246969 0.379139 0.050500 0.134111
0 0.328523 0.536657 0.050276 0.157963
0 0.473823 0.323134 0.036292 0.145880
0 0.560893 0.457255 0.046984 0.118583
0 0.314247 0.482005 0.048255 0.123343
0 0.198823 0.449088 0.054354 0.138472
0 0.366128 0.522352 0.048224 0.133704
0 0.442414 0.624634 0.044109 0.155324
0 0.584326 0.485361 0.038432 0.153537
0 0.392682 0.431009 0.040104 0.125722
0 0.412385 0.775843 0.050302 0.164315
