0 0.244990 0.299315 0.032417 0.111500
0 0.237966 0.331218 0.038734 0.134917
0 0.255607 0.543778 0.059630 0.129148
0 0.150336 0.747296 0.056380 0.150352
0 0.401167 0.206944 0.047375 0.097870
0 0.418221 0.121528 0.043568 0.117389
0 0.626747 0.136356 0.040568 0.109935
0 0.570305 0.224394 0.042026 0.122954
0 0.359930 0.303940 0.034307 0.091213
0 0.355648 0.340662 0.038120 0.068157
0 0.362630 0.373463 0.038750 0.094889
0 0.334411 0.401227 0.041385 0.092250
0 0.304211 0.414440 0.051786 0.116176
0 0.440299 0.267282 0.052880 0.123917
0 0.524172 0.414134 0.041927 0.139417
0 0.412716 0.361912 0.056422 0.095843
0 0.386885 0.424657 0.060240 0.107463
0 0.355318 0.477231 0.050781 0.132630
0 0.439307 0.805204 0.052562 0.164722
0 0.713359 0.647528 0.054344 0.150463
0 0.787924 0.295861 0.051672 0.126704
0 0.401055 0.522949 0.054443 0.142120
