0 0.566768 0.428403 0.048339 0.270972
0 0.502323 0.347861 0.077594 0.292019
0 0.545268 0.469000 0.099661 0.314926
0 0.432094 0.439468 0.080646 0.338417
0 0.710023 0.446472 0.081224 0.367167
0 0.412443 0.565759 0.137500 0.233852
0 0.230635 0.634509 0.119219 0.413852
0 0.487255 0.139333 0.062021 0.261611
0 0.657958 0.171227 0.085500 0.301787
0 0.468076 0.446579 0.030151 0.089380
0 0.253901 0.264407 0.075042 0.358130
0 0.150232 0.413069 0.094995 0.406009
0 0.551289 0.305306 0.060964 0.268093
0 0.349469 0.402213 0.049042 0.216315
0 0.045044 0.487875 0.073995 0.385880
0 0.474589 0.450139 0.044198 0.089019
0 0.636979 0.460935 0.060896 0.369759
0 0.332807 0.525625 0.077948 0.398120
0 0.303258 0.470167 0.058172 0.291537
0 0.443695 0.437741 0.048682 0.078963
0 0.545961 0.655926 0.080911 0.383759
0 0.623208 0.424625 0.047823 0.273157
0 0.472115 0.443319 0.033281 0.117139
0 0.445737 0.535662 0.073078 0.391472
