0 0.355135 0.412486 0.044635 0.093880
0 0.195932 0.279579 0.049427 0.141509
0 0.542682 0.591120 0.055167 0.157593
0 0.463221 0.823023 0.056380 0.180380
0 0.640583 0.366606 0.050990 0.126843
0 0.415393 0.076370 0.043568 0.117389
0 0.552784 0.237319 0.046078 0.126824
0 0.462320 0.389477 0.062464 0.124398
0 0.465740 0.326481 0.040750 0.135148
0 0.364195 0.441144 0.045724 0.108417
0 0.549055 0.487407 0.044380 0.145333
0 0.244495 0.377356 0.049083 0.132861
0 0.327109 0.534139 0.048771 0.156667
0 0.471026 0.322745 0.036292 0.145287
0 0.557383 0.457690 0.046984 0.120435
0 0.315398 0.477852 0.047401 0.117148
0 0.196406 0.448139 0.055771 0.137000
0 0.364581 0.522880 0.047766 0.132648
0 0.443018 0.630870 0.044109 0.155315
0 0.583862 0.488819 0.039359 0.149935
0 0.395641 0.432083 0.040104 0.125722
0 0.408438 0.774676 0.050302 0.164315
