0 0.246370 0.333495 0.048344 0.104361
0 0.236411 0.339407 0.042052 0.134926
0 0.311620 0.555602 0.067281 0.129148
0 0.203747 0.758657 0.061536 0.150352
0 0.449398 0.212935 0.047380 0.097870
0 0.419779 0.121667 0.043568 0.117389
0 0.670401 0.149690 0.042833 0.109935
0 0.564445 0.231981 0.035276 0.109037
0 0.358216 0.303588 0.034307 0.103472
0 0.348503 0.339977 0.040464 0.083602
0 0.380625 0.379579 0.040323 0.106620
0 0.324273 0.408713 0.045776 0.101685
0 0.278659 0.433782 0.050984 0.116176
0 0.392281 0.281917 0.051656 0.107500
0 0.493375 0.417375 0.043823 0.139417
0 0.375745 0.347481 0.047031 0.098574
0 0.361164 0.402750 0.058672 0.112870
0 0.289919 0.462537 0.045745 0.132630
0 0.460219 0.813588 0.052563 0.164731
0 0.798167 0.660681 0.055667 0.150472
0 0.728177 0.305440 0.055375 0.126713
0 0.416982 0.552231 0.054443 0.142130
