0 0.244560 0.298903 0.033276 0.116361
0 0.234380 0.331801 0.029594 0.134917
0 0.255385 0.543241 0.059635 0.129148
0 0.150599 0.746759 0.056385 0.150352
0 0.401539 0.208255 0.047380 0.097880
0 0.417159 0.121528 0.043568 0.117389
0 0.617617 0.134542 0.040568 0.109935
0 0.571477 0.222875 0.043370 0.125731
0 0.359883 0.304310 0.034307 0.088676
0 0.355648 0.341162 0.038120 0.067157
0 0.362909 0.374102 0.038349 0.093759
0 0.334411 0.401940 0.041385 0.090824
0 0.304651 0.414440 0.052667 0.116176
0 0.441453 0.267282 0.050573 0.123917
0 0.525456 0.414421 0.041932 0.139417
0 0.413187 0.362764 0.057365 0.095843
0 0.388625 0.424870 0.058125 0.107463
0 0.355396 0.475787 0.049604 0.132630
0 0.431203 0.803407 0.052562 0.164722
0 0.712948 0.644597 0.054344 0.150472
0 0.788630 0.295449 0.051677 0.126713
0 0.402680 0.523486 0.054443 0.142120
