0 0.320969 0.437796 0.044635 0.088981
0 0.200401 0.289921 0.042052 0.134917
0 0.462432 0.578116 0.062427 0.135528
0 0.391195 0.836954 0.056380 0.165778
0 0.652151 0.301319 0.043313 0.112176
0 0.406214 0.084056 0.043562 0.117389
0 0.591521 0.175542 0.046073 0.100639
0 0.542125 0.295977 0.033073 0.104491
0 0.389445 0.318644 0.038995 0.126787
0 0.348219 0.379329 0.049833 0.096806
0 0.460026 0.428875 0.031406 0.111750
0 0.248266 0.358894 0.037771 0.122769
0 0.298109 0.471032 0.036667 0.110694
0 0.418594 0.308106 0.036292 0.096602
0 0.488057 0.431847 0.047010 0.133157
0 0.362930 0.431005 0.040568 0.109472
0 0.205669 0.461528 0.065328 0.079167
0 0.309766 0.504037 0.041719 0.122130
0 0.459635 0.753602 0.059448 0.164722
0 0.653846 0.541639 0.060964 0.150463
0 0.466193 0.386657 0.056010 0.059648
0 0.374805 0.746972 0.054443 0.129722
