0 0.566768 0.428403 0.048339 0.270972
0 0.498862 0.398403 0.065568 0.185380
0 0.450242 0.562528 0.120141 0.119093
0 0.231477 0.107481 0.071464 0.214963
0 0.361357 0.626944 0.082651 0.338185
0 0.153992 0.809019 0.077703 0.332463
0 0.556919 0.206708 0.044432 0.236991
0 0.527656 0.125662 0.068677 0.251324
0 0.594143 0.219046 0.052026 0.209278
0 0.468076 0.446579 0.030151 0.089380
0 0.375966 0.312431 0.064776 0.294343
0 0.247003 0.479435 0.077734 0.339148
0 0.597987 0.296861 0.049318 0.199315
0 0.360589 0.471977 0.041188 0.230287
0 0.157792 0.496435 0.090635 0.323667
0 0.474589 0.450139 0.044198 0.089019
0 0.605362 0.455375 0.046120 0.287398
0 0.382911 0.515199 0.054438 0.309713
0 0.328820 0.471588 0.064547 0.291546
0 0.443695 0.437741 0.048682 0.078963
0 0.543039 0.600037 0.062766 0.298500
0 0.609349 0.424625 0.047823 0.273157
0 0.472115 0.443319 0.033281 0.117139
0 0.455615 0.548597 0.055958 0.314250
