0 0.243990 0.299333 0.034406 0.118370
0 0.233669 0.332116 0.027099 0.134917
0 0.255266 0.542949 0.059635 0.129157
0 0.147445 0.747792 0.056380 0.150361
0 0.401740 0.208968 0.047375 0.097880
0 0.416581 0.121528 0.043568 0.117389
0 0.610966 0.134542 0.040568 0.109935
0 0.572117 0.222051 0.044109 0.127250
0 0.359857 0.304514 0.034307 0.087287
0 0.355648 0.341435 0.038120 0.066611
0 0.363060 0.374449 0.038130 0.093139
0 0.334411 0.402329 0.041385 0.090046
0 0.304893 0.414440 0.053151 0.116176
0 0.442083 0.267282 0.049312 0.123917
0 0.526154 0.414574 0.041932 0.139407
0 0.413445 0.363227 0.057880 0.095843
0 0.389573 0.424991 0.056969 0.107463
0 0.355438 0.475005 0.048958 0.132639
0 0.427031 0.801722 0.052562 0.164722
0 0.712724 0.642995 0.054344 0.150472
0 0.787299 0.295153 0.051672 0.126713
0 0.398690 0.519935 0.054443 0.142130
