0 0.346432 0.418157 0.044635 0.100000
0 0.190641 0.275389 0.044948 0.137500
0 0.520849 0.592884 0.056792 0.150380
0 0.447427 0.831472 0.056385 0.176333
0 0.656479 0.350037 0.050990 0.126833
0 0.407445 0.070037 0.043568 0.117389
0 0.565940 0.213440 0.046078 0.126824
0 0.490273 0.366088 0.054786 0.124398
0 0.439979 0.325509 0.040750 0.135148
0 0.362875 0.427713 0.045729 0.116204
0 0.515888 0.473764 0.044380 0.145324
0 0.232112 0.368440 0.042016 0.126546
0 0.320039 0.521556 0.041203 0.150222
0 0.457049 0.320787 0.036297 0.142352
0 0.539846 0.459875 0.046984 0.129676
0 0.321154 0.457097 0.043130 0.086157
0 0.184323 0.443421 0.062854 0.129657
0 0.356846 0.525519 0.045474 0.127370
0 0.446034 0.662056 0.044109 0.155315
0 0.581536 0.506106 0.044010 0.131917
0 0.410443 0.437444 0.040104 0.125722
0 0.388703 0.768824 0.050302 0.164315
