0 0.373979 0.411917 0.043854 0.099148
0 0.212854 0.275602 0.046396 0.138796
0 0.564216 0.586194 0.054193 0.158648
0 0.479536 0.808528 0.052771 0.178407
0 0.634573 0.374954 0.042656 0.134537
0 0.432784 0.093565 0.043568 0.117389
0 0.530039 0.265824 0.045224 0.129370
0 0.419776 0.401514 0.047844 0.106898
0 0.488266 0.321565 0.040760 0.144741
0 0.364924 0.464014 0.045724 0.125306
0 0.587773 0.489435 0.048495 0.142741
0 0.285906 0.389671 0.058854 0.134343
0 0.335010 0.541750 0.051802 0.166130
0 0.469229 0.325056 0.036292 0.137389
0 0.573568 0.458528 0.046990 0.116741
0 0.327453 0.494088 0.045979 0.135120
0 0.227818 0.440690 0.052938 0.155361
0 0.392602 0.507171 0.048682 0.134769
0 0.451456 0.579815 0.044109 0.155315
0 0.610240 0.473097 0.043531 0.149824
0 0.400680 0.419574 0.036693 0.121426
0 0.432010 0.746130 0.046927 0.168593
