0 0.279958 0.404778 0.044635 0.088981
0 0.210758 0.307963 0.042057 0.134926
0 0.407120 0.574583 0.059625 0.129148
0 0.377695 0.783602 0.056380 0.155222
0 0.596047 0.261449 0.043313 0.097880
0 0.408122 0.109389 0.043568 0.117389
0 0.610115 0.156630 0.046073 0.100630
0 0.557622 0.255014 0.033068 0.104491
0 0.361177 0.310255 0.032521 0.101620
0 0.335953 0.371606 0.049833 0.096806
0 0.419792 0.408745 0.047323 0.111750
0 0.290021 0.383102 0.042521 0.091593
0 0.269365 0.455833 0.036667 0.110704
0 0.385122 0.302046 0.037484 0.098241
0 0.453917 0.417407 0.047687 0.139407
0 0.356414 0.392167 0.040568 0.109463
0 0.266430 0.419347 0.043495 0.081954
0 0.269661 0.480981 0.041281 0.125278
0 0.492185 0.778741 0.059443 0.164722
0 0.756380 0.571731 0.060969 0.150463
0 0.530518 0.371056 0.056005 0.126704
0 0.402174 0.661685 0.054443 0.133444
