0 0.537302 0.410681 0.036896 0.127472
0 0.454740 0.548653 0.099437 0.092306
0 0.263104 0.177435 0.073573 0.242074
0 0.450013 0.616426 0.081505 0.273074
0 0.257440 0.811755 0.067474 0.282065
0 0.591521 0.302954 0.042479 0.229759
0 0.497831 0.202079 0.053922 0.237991
0 0.557909 0.286319 0.040880 0.190343
0 0.468076 0.446579 0.030151 0.089380
0 0.444117 0.324426 0.054609 0.194944
0 0.315339 0.489431 0.059729 0.258991
0 0.644651 0.372116 0.064656 0.262046
0 0.380516 0.494838 0.079396 0.169157
0 0.238557 0.510477 0.072260 0.269306
0 0.474589 0.450139 0.044198 0.089019
0 0.582292 0.459551 0.045062 0.246472
0 0.434375 0.520523 0.041094 0.226139
0 0.348422 0.464880 0.040104 0.247481
0 0.443695 0.437741 0.048682 0.078963
0 0.541674 0.546815 0.051036 0.238963
0 0.560643 0.392875 0.044016 0.155917
0 0.472115 0.443319 0.033281 0.117139
0 0.465607 0.550560 0.043568 0.237750
