0 0.457370 0.449861 0.044635 0.088981
0 0.252383 0.256648 0.046557 0.152019
0 0.570492 0.563093 0.054193 0.178407
0 0.460060 0.754921 0.047484 0.188176
0 0.617104 0.360963 0.033635 0.144074
0 0.471161 0.170792 0.043563 0.145583
0 0.478370 0.285662 0.045062 0.141213
0 0.451331 0.441616 0.030151 0.089380
0 0.516906 0.312819 0.048698 0.154343
0 0.359583 0.498245 0.035833 0.149398
0 0.676122 0.411787 0.055984 0.154870
0 0.420409 0.429940 0.069026 0.077269
0 0.333922 0.517042 0.050177 0.173009
0 0.477612 0.386056 0.044193 0.104741
0 0.576539 0.457023 0.049943 0.118176
0 0.406065 0.518222 0.052974 0.151704
0 0.315961 0.431569 0.048849 0.148009
0 0.443695 0.437741 0.048682 0.078963
0 0.482977 0.463565 0.042703 0.128519
0 0.595904 0.406370 0.047516 0.123259
0 0.449786 0.440014 0.033281 0.117139
0 0.464599 0.613505 0.043562 0.166028
