0 0.566768 0.428403 0.048339 0.270972
0 0.504523 0.339843 0.077589 0.249370
0 0.547250 0.482898 0.105823 0.314537
0 0.427690 0.449644 0.080651 0.338417
0 0.694573 0.441014 0.076469 0.349917
0 0.419721 0.565394 0.137495 0.213102
0 0.251115 0.635662 0.121177 0.398120
0 0.047703 0.823324 0.091312 0.353352
0 0.502445 0.139727 0.062026 0.261620
0 0.647943 0.178417 0.082635 0.299907
0 0.468076 0.446579 0.030151 0.089380
0 0.274487 0.264991 0.071307 0.330333
0 0.167180 0.427347 0.091911 0.392306
0 0.551289 0.305306 0.060964 0.268093
0 0.349469 0.402213 0.049042 0.216315
0 0.061878 0.486310 0.086964 0.385880
0 0.474589 0.450139 0.044198 0.089019
0 0.633021 0.461722 0.058260 0.356463
0 0.334789 0.523671 0.071786 0.388731
0 0.303258 0.470167 0.058172 0.291537
0 0.443695 0.437741 0.048682 0.078963
0 0.545411 0.647120 0.075854 0.371630
0 0.623208 0.424625 0.047823 0.273157
0 0.472115 0.443319 0.033281 0.117139
0 0.448596 0.537625 0.068672 0.375046
