0 0.264161 0.353134 0.045458 0.092398
0 0.227677 0.341222 0.042052 0.134926
0 0.355880 0.568727 0.057104 0.129157
0 0.265346 0.769676 0.059641 0.150352
0 0.489529 0.220972 0.047380 0.097870
0 0.407346 0.122171 0.043568 0.117380
0 0.666448 0.151708 0.050750 0.109935
0 0.563701 0.232949 0.034422 0.107269
0 0.351432 0.308616 0.034313 0.103472
0 0.323492 0.358815 0.048661 0.095148
0 0.386844 0.391634 0.040323 0.106620
0 0.323990 0.418759 0.045771 0.101685
0 0.265659 0.444338 0.050984 0.116176
0 0.372076 0.295481 0.045151 0.107500
0 0.459745 0.414861 0.043823 0.139407
0 0.357938 0.357778 0.041375 0.108111
0 0.347742 0.390194 0.047089 0.112870
0 0.257419 0.468065 0.045745 0.132630
0 0.482406 0.823444 0.052562 0.164722
0 0.810651 0.636032 0.060302 0.150472
0 0.673914 0.321014 0.055932 0.126713
0 0.408221 0.560269 0.054443 0.142130
