0 0.243609 0.299625 0.035167 0.119713
0 0.237349 0.332329 0.033750 0.134917
0 0.255185 0.542750 0.059630 0.129148
0 0.147695 0.747574 0.056380 0.150352
0 0.401875 0.209440 0.047375 0.097880
0 0.417023 0.121792 0.043568 0.115806
0 0.609234 0.131912 0.038094 0.109935
0 0.572117 0.223630 0.044109 0.124093
0 0.359841 0.304644 0.034307 0.086361
0 0.355648 0.341616 0.038120 0.066250
0 0.363159 0.374685 0.037984 0.092722
0 0.334411 0.402588 0.041385 0.089528
0 0.305052 0.414440 0.053469 0.116176
0 0.442503 0.267282 0.048474 0.123917
0 0.527781 0.413523 0.041927 0.139417
0 0.413617 0.363532 0.058224 0.095843
0 0.390206 0.425065 0.056193 0.107463
0 0.355464 0.474481 0.048531 0.132630
0 0.425081 0.798250 0.052568 0.164722
0 0.712573 0.641931 0.054344 0.150472
0 0.786411 0.294954 0.051677 0.126704
0 0.396914 0.519935 0.054443 0.142130
