0 0.270583 0.367148 0.044635 0.094278
0 0.223667 0.335565 0.042052 0.134926
0 0.373690 0.576444 0.054193 0.129148
0 0.300547 0.775972 0.058552 0.150352
0 0.514359 0.230181 0.046156 0.097880
0 0.406018 0.119972 0.043568 0.117389
0 0.654195 0.154315 0.050141 0.107148
0 0.563273 0.233500 0.033932 0.106259
0 0.350195 0.309606 0.033776 0.102917
0 0.322747 0.363287 0.049839 0.096796
0 0.392094 0.400028 0.042427 0.108167
0 0.322776 0.417944 0.048125 0.106185
0 0.262271 0.449208 0.046687 0.114528
0 0.372003 0.298236 0.043036 0.105861
0 0.448490 0.414815 0.043823 0.139407
0 0.354648 0.362852 0.040568 0.109463
0 0.333586 0.392370 0.047724 0.112870
0 0.252060 0.472491 0.045745 0.132630
0 0.494112 0.823519 0.054630 0.164722
0 0.811122 0.624505 0.060964 0.150472
0 0.639130 0.332542 0.056010 0.126713
0 0.407768 0.581694 0.054443 0.142130
