0 0.451622 0.528412 0.082849 0.090028
0 0.269005 0.244245 0.058823 0.198639
0 0.500638 0.598769 0.054464 0.217463
0 0.320826 0.770060 0.056380 0.227472
0 0.601732 0.352153 0.042484 0.183269
0 0.475883 0.238185 0.043568 0.176630
0 0.507336 0.328454 0.040880 0.184333
0 0.468076 0.446579 0.030151 0.089380
0 0.479034 0.355727 0.048703 0.178472
0 0.345729 0.491440 0.042812 0.209139
0 0.655849 0.386690 0.049490 0.196861
0 0.405547 0.502139 0.090187 0.111222
0 0.289581 0.518009 0.057401 0.204981
0 0.474589 0.450139 0.044198 0.089019
0 0.562521 0.458542 0.041469 0.193991
0 0.458531 0.523338 0.041094 0.193324
0 0.345474 0.462662 0.040104 0.179065
0 0.443695 0.437741 0.048682 0.078963
0 0.528969 0.511329 0.041760 0.179194
0 0.537021 0.416843 0.044021 0.155926
0 0.472115 0.443319 0.033281 0.117139
0 0.464997 0.558407 0.043568 0.202556
