0 0.467203 0.470694 0.044635 0.088981
0 0.261612 0.250551 0.049828 0.164454
0 0.557013 0.553838 0.055828 0.191028
0 0.428604 0.737750 0.047021 0.195315
0 0.612690 0.351856 0.034099 0.163083
0 0.475812 0.190227 0.043562 0.145583
0 0.475115 0.293727 0.043667 0.147417
0 0.468076 0.446579 0.030151 0.089380
0 0.516440 0.314060 0.048703 0.154343
0 0.358187 0.485431 0.038625 0.166750
0 0.674380 0.378921 0.052969 0.155306
0 0.417734 0.448745 0.085542 0.082639
0 0.327750 0.503611 0.052969 0.177130
0 0.480169 0.419130 0.044193 0.089019
0 0.564794 0.435926 0.045057 0.138000
0 0.441310 0.493000 0.052276 0.140148
0 0.334336 0.427644 0.048849 0.154213
0 0.443695 0.437741 0.048682 0.078963
0 0.494604 0.450958 0.041760 0.134713
0 0.562523 0.391273 0.044016 0.131120
0 0.472115 0.443319 0.033281 0.117139
0 0.465065 0.569875 0.043568 0.161472
