0 0.465672 0.476741 0.044635 0.088981
0 0.263680 0.248898 0.050641 0.167556
0 0.553331 0.553588 0.056911 0.194176
0 0.418672 0.733352 0.047875 0.198241
0 0.612458 0.348546 0.034562 0.166815
0 0.476161 0.192708 0.043562 0.145583
0 0.476161 0.295588 0.042740 0.147417
0 0.468076 0.446579 0.030151 0.089380
0 0.514698 0.314884 0.048698 0.154343
0 0.357490 0.480671 0.040021 0.169231
0 0.670773 0.373130 0.052964 0.155296
0 0.416573 0.450403 0.085542 0.082639
0 0.325945 0.500301 0.053547 0.179194
0 0.478310 0.429463 0.044193 0.089019
0 0.562701 0.428792 0.045057 0.142750
0 0.448174 0.483079 0.048547 0.133139
0 0.337826 0.424231 0.048849 0.157315
0 0.443695 0.437741 0.048682 0.078963
0 0.498672 0.447759 0.041760 0.137815
0 0.555664 0.389412 0.044016 0.131120
0 0.472115 0.443319 0.033281 0.117139
0 0.464951 0.560366 0.043568 0.161472
