0 0.242279 0.300630 0.037828 0.124389
0 0.257638 0.335315 0.042057 0.134926
0 0.257469 0.541306 0.059635 0.129148
0 0.150596 0.742389 0.056380 0.150352
0 0.402349 0.211106 0.047375 0.097880
0 0.418578 0.122718 0.043562 0.110269
0 0.599388 0.131000 0.028984 0.109944
0 0.572117 0.229148 0.044109 0.113056
0 0.359784 0.305120 0.034307 0.083130
0 0.355648 0.342250 0.038120 0.064981
0 0.363516 0.375500 0.037469 0.091278
0 0.334411 0.403495 0.041385 0.087713
0 0.305612 0.414440 0.054589 0.116176
0 0.443971 0.267282 0.045536 0.123917
0 0.533471 0.409843 0.041932 0.139407
0 0.414219 0.364616 0.059417 0.095843
0 0.392417 0.425333 0.053500 0.107463
0 0.355563 0.472644 0.047031 0.132639
0 0.420094 0.793347 0.052562 0.164731
0 0.712049 0.638199 0.054349 0.150472
0 0.783307 0.294264 0.051677 0.126713
0 0.397805 0.524667 0.054443 0.142130
