0 0.289422 0.412398 0.044635 0.088981
0 0.208141 0.302736 0.042052 0.134917
0 0.416492 0.568394 0.056370 0.129157
0 0.384443 0.781704 0.056385 0.157667
0 0.611958 0.266782 0.043312 0.097880
0 0.408570 0.107120 0.043568 0.117389
0 0.602909 0.155296 0.046078 0.100630
0 0.555521 0.263819 0.033073 0.104491
0 0.366148 0.310255 0.032526 0.101620
0 0.338786 0.373384 0.049833 0.096806
0 0.427297 0.405810 0.047323 0.111750
0 0.277156 0.370421 0.037771 0.080824
0 0.273932 0.455310 0.036667 0.110694
0 0.387932 0.302866 0.036292 0.096602
0 0.462695 0.418204 0.049349 0.139407
0 0.357919 0.401130 0.040568 0.109463
0 0.249891 0.426944 0.039385 0.068704
0 0.277919 0.480972 0.039370 0.122130
0 0.482823 0.760880 0.059448 0.164722
0 0.734232 0.557120 0.060964 0.150463
0 0.511003 0.378264 0.056005 0.126713
0 0.398982 0.675694 0.054443 0.129722
