0 0.277948 0.398532 0.044635 0.093750
0 0.213523 0.313880 0.042057 0.134926
0 0.397745 0.580769 0.062885 0.129148
0 0.370945 0.785505 0.056380 0.152787
0 0.580135 0.256106 0.043313 0.097880
0 0.407672 0.111657 0.043562 0.117389
0 0.617320 0.157963 0.046078 0.100630
0 0.559724 0.246208 0.033073 0.104491
0 0.356203 0.310255 0.032521 0.101620
0 0.333125 0.369819 0.049833 0.096806
0 0.412281 0.411681 0.047323 0.111750
0 0.302883 0.395782 0.047276 0.102343
0 0.264792 0.456356 0.036667 0.110694
0 0.382310 0.301231 0.038672 0.099870
0 0.445138 0.416602 0.046036 0.139407
0 0.354909 0.383204 0.040568 0.109463
0 0.282971 0.411750 0.047599 0.095204
0 0.261401 0.480981 0.043198 0.128426
0 0.501547 0.796593 0.059448 0.164722
0 0.778529 0.586347 0.060964 0.150472
0 0.550031 0.363847 0.056010 0.126713
0 0.405367 0.647685 0.054443 0.137167
