0 0.566768 0.428403 0.048339 0.270972
0 0.505625 0.335829 0.077594 0.228046
0 0.548237 0.489843 0.108901 0.314333
0 0.425492 0.454731 0.080651 0.338426
0 0.686844 0.438287 0.074094 0.341278
0 0.423359 0.565213 0.137500 0.202722
0 0.258401 0.637134 0.123125 0.393324
0 0.045521 0.823324 0.091042 0.353352
0 0.510039 0.139921 0.062026 0.261620
0 0.642935 0.182014 0.081203 0.298972
0 0.468076 0.446579 0.030151 0.089380
0 0.284779 0.265282 0.069432 0.316435
0 0.175654 0.434486 0.090370 0.385454
0 0.551289 0.305306 0.060964 0.268093
0 0.349469 0.402213 0.049042 0.216315
0 0.071898 0.485528 0.089526 0.385889
0 0.474589 0.450139 0.044198 0.089019
0 0.631042 0.462111 0.056937 0.349815
0 0.335781 0.522694 0.068708 0.384037
0 0.303258 0.470167 0.058172 0.291537
0 0.443695 0.437741 0.048682 0.078963
0 0.545138 0.642718 0.073328 0.365546
0 0.623208 0.424625 0.047823 0.273157
0 0.472115 0.443319 0.033281 0.117139
0 0.450029 0.538606 0.066474 0.366824
