0 0.566768 0.428403 0.048339 0.270972
0 0.501484 0.376208 0.069573 0.192491
0 0.445034 0.563597 0.130557 0.138139
0 0.223174 0.098144 0.069505 0.196287
0 0.329469 0.630833 0.096792 0.354963
0 0.127839 0.807653 0.080260 0.345065
0 0.543826 0.184509 0.050297 0.245204
0 0.608737 0.207903 0.061276 0.238861
0 0.468076 0.446579 0.030151 0.089380
0 0.349003 0.296815 0.065703 0.297074
0 0.226044 0.466833 0.081432 0.352296
0 0.582422 0.299676 0.053198 0.222241
0 0.356880 0.448722 0.043802 0.225630
0 0.132503 0.492537 0.091120 0.344407
0 0.474589 0.450139 0.044198 0.089019
0 0.613263 0.457755 0.049286 0.305991
0 0.367531 0.517370 0.058167 0.332926
0 0.320299 0.471116 0.062422 0.291546
0 0.443695 0.437741 0.048682 0.078963
0 0.543648 0.612796 0.065443 0.318833
0 0.613969 0.424625 0.047823 0.273157
0 0.472115 0.443319 0.033281 0.117139
0 0.454229 0.545593 0.058729 0.329037
