0 0.253602 0.305606 0.038391 0.125398
0 0.278557 0.338940 0.042052 0.134917
0 0.260648 0.539708 0.059630 0.129157
0 0.156016 0.737287 0.056385 0.150352
0 0.402755 0.212532 0.047375 0.097880
0 0.419909 0.123514 0.043568 0.105528
0 0.591451 0.137551 0.028318 0.104565
0 0.572117 0.233880 0.044109 0.103593
0 0.359732 0.305519 0.034307 0.080352
0 0.355648 0.342792 0.038120 0.063898
0 0.363818 0.376194 0.037031 0.090037
0 0.334411 0.404269 0.041385 0.086167
0 0.306091 0.414440 0.055547 0.116176
0 0.445229 0.267282 0.043021 0.123917
0 0.538352 0.406690 0.041932 0.139417
0 0.414734 0.365546 0.060448 0.095852
0 0.394313 0.425569 0.051187 0.107454
0 0.355648 0.471074 0.045745 0.132630
0 0.416701 0.792593 0.052568 0.164722
0 0.711599 0.634995 0.054344 0.150472
0 0.780646 0.293671 0.051677 0.126713
0 0.411997 0.537676 0.054443 0.142130
