0 0.334245 0.432218 0.044635 0.096324
0 0.195760 0.282231 0.042052 0.134926
0 0.487846 0.575120 0.054193 0.140296
0 0.419250 0.836704 0.056385 0.170648
0 0.660469 0.324588 0.047917 0.120972
0 0.404091 0.073370 0.043568 0.117389
0 0.580909 0.189685 0.046078 0.116352
0 0.521078 0.329625 0.043333 0.116435
0 0.410492 0.322412 0.040047 0.131806
0 0.356539 0.403528 0.047370 0.111241
0 0.481607 0.450894 0.039193 0.131898
0 0.234115 0.361412 0.037771 0.122769
0 0.308724 0.496819 0.036667 0.132083
0 0.436635 0.315009 0.036292 0.123000
0 0.512815 0.449449 0.046995 0.134398
0 0.339935 0.439190 0.040568 0.084324
0 0.188510 0.448963 0.066396 0.106815
0 0.335229 0.517875 0.043146 0.123380
0 0.452560 0.709903 0.050245 0.159083
0 0.609625 0.526542 0.052469 0.132861
0 0.438070 0.419060 0.046464 0.099287
0 0.376042 0.757981 0.051958 0.150481
