0 0.509068 0.432079 0.033687 0.128602
0 0.452292 0.536194 0.092625 0.090907
0 0.265539 0.222449 0.060870 0.206417
0 0.483615 0.608199 0.054240 0.232250
0 0.291776 0.793685 0.060646 0.248463
0 0.595201 0.336208 0.042484 0.193769
0 0.479120 0.223861 0.044719 0.183444
0 0.522951 0.316847 0.040880 0.190343
0 0.468076 0.446579 0.030151 0.089380
0 0.464359 0.349755 0.049354 0.190954
0 0.336555 0.489435 0.044693 0.222500
0 0.651404 0.379736 0.051172 0.214065
0 0.400365 0.498491 0.088990 0.120500
0 0.273115 0.512907 0.060646 0.220648
0 0.474589 0.450139 0.044198 0.089019
0 0.565120 0.456880 0.045062 0.210481
0 0.449370 0.525856 0.041094 0.204806
0 0.345000 0.457579 0.040104 0.186657
0 0.443695 0.437741 0.048682 0.078963
0 0.534177 0.524148 0.042792 0.204296
0 0.542245 0.408139 0.044021 0.155926
0 0.472115 0.443319 0.033281 0.117139
0 0.465232 0.555389 0.043568 0.216093
