0 0.271255 0.371352 0.044635 0.096926
0 0.222745 0.333593 0.042052 0.134926
0 0.376273 0.578435 0.054193 0.129148
0 0.309344 0.777551 0.058281 0.150361
0 0.520724 0.232870 0.045750 0.097870
0 0.406169 0.119222 0.043568 0.117389
0 0.650299 0.155093 0.049557 0.106222
0 0.563164 0.233639 0.033807 0.106000
0 0.350107 0.309699 0.033599 0.102731
0 0.323693 0.363884 0.049833 0.096806
0 0.393549 0.402255 0.043120 0.108676
0 0.322383 0.417194 0.048911 0.107685
0 0.261760 0.450329 0.045260 0.113991
0 0.372937 0.298509 0.042635 0.105315
0 0.446339 0.414917 0.043823 0.139407
0 0.354398 0.364051 0.040568 0.109472
0 0.329505 0.393694 0.048490 0.112870
0 0.251820 0.473704 0.045745 0.132630
0 0.496956 0.823074 0.055318 0.164722
0 0.810685 0.621838 0.060964 0.150472
0 0.630120 0.335639 0.056010 0.126704
0 0.408034 0.588454 0.054443 0.142130
