0 0.272594 0.379755 0.044635 0.102213
0 0.220901 0.329653 0.042052 0.134917
0 0.381435 0.582398 0.054193 0.129148
0 0.326943 0.780699 0.057740 0.150361
0 0.533453 0.238245 0.044937 0.097880
0 0.406471 0.117704 0.043568 0.117389
0 0.642510 0.156644 0.048396 0.104361
0 0.562953 0.233917 0.033562 0.105500
0 0.349927 0.309884 0.033240 0.102361
0 0.325578 0.365069 0.049833 0.096806
0 0.396458 0.406704 0.044521 0.109704
0 0.321602 0.415694 0.050474 0.110685
0 0.260740 0.452574 0.042396 0.112889
0 0.374812 0.299051 0.041844 0.104231
0 0.442036 0.415120 0.043823 0.139407
0 0.353898 0.366454 0.040568 0.109463
0 0.321346 0.396333 0.050016 0.112870
0 0.251344 0.476130 0.045740 0.132630
0 0.502648 0.822185 0.056693 0.164722
0 0.809810 0.616500 0.060964 0.150463
0 0.612096 0.341838 0.056005 0.126713
0 0.408565 0.601972 0.054443 0.142130
