0 0.337729 0.426889 0.044635 0.100000
0 0.194214 0.279667 0.042052 0.134926
0 0.497552 0.582505 0.055490 0.143176
0 0.428599 0.836620 0.056385 0.172278
0 0.663242 0.332343 0.049453 0.123907
0 0.403383 0.069806 0.043568 0.117389
0 0.577370 0.194403 0.046073 0.121583
0 0.514062 0.340843 0.046760 0.120426
0 0.417505 0.323667 0.040396 0.133481
0 0.359310 0.411593 0.046547 0.116056
0 0.488799 0.458236 0.041786 0.138620
0 0.229396 0.362245 0.037771 0.122769
0 0.312260 0.505412 0.036667 0.139213
0 0.442648 0.317310 0.036297 0.131787
0 0.521068 0.455319 0.046990 0.134806
0 0.332268 0.441917 0.040568 0.075944
0 0.182792 0.444773 0.066750 0.116028
0 0.343716 0.522491 0.043620 0.123796
0 0.450198 0.695333 0.047177 0.157204
0 0.594880 0.521509 0.049635 0.126981
0 0.428695 0.429861 0.043286 0.112500
0 0.376453 0.761648 0.051135 0.157389
