0 0.244195 0.304019 0.034005 0.095537
0 0.243245 0.334537 0.042052 0.134926
0 0.256172 0.545148 0.059635 0.129148
0 0.150635 0.751509 0.056385 0.150352
0 0.406646 0.205282 0.047375 0.097880
0 0.420922 0.121528 0.043562 0.117389
0 0.647424 0.144644 0.040568 0.109935
0 0.567320 0.228259 0.038589 0.115870
0 0.360049 0.302995 0.034307 0.097694
0 0.355648 0.339394 0.038120 0.070694
0 0.361919 0.371838 0.039776 0.097787
0 0.334411 0.399417 0.041385 0.095870
0 0.303091 0.414440 0.049547 0.116176
0 0.439779 0.273509 0.055391 0.105741
0 0.520904 0.413407 0.041932 0.139407
0 0.411513 0.359745 0.054026 0.095843
0 0.382461 0.424120 0.065630 0.107463
0 0.355117 0.480898 0.053786 0.132630
0 0.447701 0.808231 0.052568 0.164722
0 0.725159 0.664546 0.054349 0.150463
0 0.781555 0.296731 0.051672 0.126704
0 0.389159 0.515741 0.054443 0.142130
