0 0.305198 0.425102 0.044635 0.088981
0 0.204271 0.296329 0.042052 0.134917
0 0.435607 0.573870 0.054193 0.131537
0 0.387820 0.809329 0.056380 0.161713
0 0.632055 0.284051 0.043307 0.105028
0 0.407393 0.095593 0.043568 0.117389
0 0.597216 0.165417 0.046078 0.100630
0 0.548823 0.279898 0.033073 0.104481
0 0.377797 0.314454 0.035760 0.114204
0 0.343500 0.376356 0.049833 0.096806
0 0.443661 0.417347 0.039365 0.111750
0 0.262708 0.364657 0.037771 0.101796
0 0.286021 0.463171 0.036667 0.110694
0 0.403260 0.305486 0.036292 0.096602
0 0.475375 0.425028 0.048177 0.136278
0 0.360424 0.416065 0.040568 0.109463
0 0.227779 0.444236 0.052359 0.073935
0 0.293844 0.492505 0.040542 0.122120
0 0.471229 0.757241 0.059448 0.164722
0 0.694039 0.549380 0.060964 0.150463
0 0.488599 0.382458 0.056010 0.093176
0 0.386893 0.711333 0.054443 0.129722
