0 0.341208 0.421560 0.044635 0.103676
0 0.192667 0.277102 0.042052 0.134926
0 0.507260 0.589898 0.056792 0.146056
0 0.437951 0.836537 0.056380 0.173889
0 0.666016 0.340102 0.050990 0.126833
0 0.402674 0.066241 0.043568 0.117389
0 0.573833 0.199116 0.046073 0.126824
0 0.507047 0.352056 0.050177 0.124407
0 0.424521 0.324926 0.040750 0.135148
0 0.362083 0.419657 0.045729 0.120870
0 0.495992 0.465579 0.044380 0.145324
0 0.224682 0.363088 0.037771 0.122769
0 0.315797 0.514005 0.036667 0.146343
0 0.448661 0.319616 0.036292 0.140583
0 0.529320 0.461185 0.046984 0.135222
0 0.324602 0.444644 0.040568 0.067565
0 0.177073 0.440583 0.067104 0.125241
0 0.352206 0.527102 0.044099 0.124204
0 0.447841 0.680769 0.044109 0.155315
0 0.580141 0.516481 0.046802 0.121111
0 0.419323 0.440657 0.040104 0.125722
0 0.376865 0.765315 0.050302 0.164315
