0 0.461083 0.494880 0.044635 0.088981
0 0.269362 0.249060 0.053099 0.176880
0 0.541464 0.564398 0.060177 0.203648
0 0.389167 0.733356 0.050427 0.207009
0 0.611766 0.347509 0.036885 0.174259
0 0.476393 0.209255 0.043568 0.151787
0 0.480701 0.307472 0.040880 0.153000
0 0.468076 0.446579 0.030151 0.089380
0 0.508417 0.325213 0.048698 0.155574
0 0.355979 0.475824 0.042813 0.178537
0 0.663099 0.368380 0.052271 0.160259
0 0.413318 0.464352 0.086469 0.087407
0 0.319430 0.499995 0.054703 0.184769
0 0.474589 0.450139 0.044198 0.089019
0 0.559180 0.423926 0.043266 0.157000
0 0.463411 0.474301 0.041094 0.131287
0 0.345206 0.428259 0.047099 0.166630
0 0.443695 0.437741 0.048682 0.078963
0 0.509964 0.452352 0.041760 0.144815
0 0.540078 0.393963 0.044021 0.136074
0 0.472115 0.443319 0.033281 0.117139
0 0.464716 0.545481 0.043568 0.166444
