0 0.244451 0.302500 0.033495 0.100667
0 0.241755 0.333213 0.042052 0.134926
0 0.255990 0.544708 0.059635 0.129157
0 0.149964 0.749324 0.056385 0.150352
0 0.400526 0.204685 0.047375 0.097870
0 0.420055 0.121528 0.043568 0.117389
0 0.639492 0.141282 0.040568 0.109935
0 0.568279 0.227019 0.039693 0.118148
0 0.360008 0.303296 0.034307 0.095611
0 0.355648 0.339801 0.038120 0.069880
0 0.362148 0.372361 0.039443 0.096852
0 0.334411 0.400000 0.041385 0.094704
0 0.303453 0.414440 0.050271 0.116176
0 0.439615 0.271537 0.055312 0.109093
0 0.521956 0.413644 0.041932 0.139417
0 0.411898 0.360440 0.054797 0.095843
0 0.383885 0.424292 0.063896 0.107454
0 0.355182 0.479722 0.052823 0.132630
0 0.445474 0.807324 0.052562 0.164722
0 0.714073 0.652597 0.054344 0.150472
0 0.783602 0.296449 0.051672 0.126713
0 0.389419 0.515069 0.054443 0.142120
