0 0.327281 0.442880 0.044635 0.088981
0 0.198854 0.287356 0.042052 0.134917
0 0.470904 0.577120 0.059682 0.137111
0 0.400547 0.836870 0.056385 0.167407
0 0.654924 0.309079 0.044849 0.115102
0 0.405505 0.080495 0.043562 0.117380
0 0.587982 0.180255 0.046078 0.105880
0 0.535107 0.307190 0.036495 0.108472
0 0.396461 0.319898 0.039349 0.128463
0 0.350992 0.387394 0.049016 0.101620
0 0.467219 0.436213 0.034000 0.118463
0 0.243547 0.359736 0.037771 0.122769
0 0.301646 0.479625 0.036667 0.117824
0 0.424607 0.310407 0.036297 0.105407
0 0.496310 0.437718 0.047005 0.133565
0 0.355263 0.433731 0.040568 0.101093
0 0.199951 0.457338 0.065682 0.088380
0 0.318253 0.508648 0.042193 0.122537
0 0.457279 0.739032 0.056380 0.162843
0 0.639107 0.536606 0.058130 0.144602
0 0.456820 0.397458 0.052828 0.072861
0 0.375219 0.750644 0.053615 0.136639
