0 0.566768 0.428403 0.048339 0.270972
0 0.503422 0.343847 0.077594 0.270694
0 0.546260 0.475949 0.102740 0.314731
0 0.429893 0.444556 0.080651 0.338426
0 0.702299 0.443745 0.078849 0.358546
0 0.416083 0.565579 0.137500 0.223472
0 0.243828 0.634185 0.119219 0.402926
0 0.494852 0.139532 0.062026 0.261620
0 0.652951 0.174824 0.084068 0.300852
0 0.468076 0.446579 0.030151 0.089380
0 0.264195 0.264699 0.073172 0.344231
0 0.158706 0.420208 0.093453 0.399157
0 0.551289 0.305306 0.060964 0.268093
0 0.349469 0.402213 0.049042 0.216315
0 0.051852 0.487093 0.084401 0.385889
0 0.474589 0.450139 0.044198 0.089019
0 0.635003 0.461324 0.059578 0.363111
0 0.333799 0.524648 0.074870 0.393426
0 0.303258 0.470167 0.058172 0.291537
0 0.443695 0.437741 0.048682 0.078963
0 0.545687 0.651523 0.078385 0.377694
0 0.623208 0.424625 0.047823 0.273157
0 0.472115 0.443319 0.033281 0.117139
0 0.447167 0.536644 0.070875 0.383250
