0 0.244336 0.303176 0.033724 0.098389
0 0.242417 0.333801 0.042052 0.134917
0 0.256070 0.544907 0.059630 0.129148
0 0.151185 0.752787 0.056380 0.150352
0 0.400391 0.204208 0.047375 0.097880
0 0.420440 0.121528 0.043568 0.117389
0 0.642174 0.142315 0.040568 0.109944
0 0.567854 0.227565 0.039208 0.117130
0 0.360029 0.303167 0.034307 0.096537
0 0.355648 0.339620 0.038120 0.070241
0 0.362047 0.372125 0.039594 0.097269
0 0.334411 0.399741 0.041385 0.095222
0 0.303292 0.414440 0.049948 0.116176
0 0.439521 0.272602 0.055771 0.105389
0 0.521487 0.413537 0.041932 0.139407
0 0.411727 0.360134 0.054453 0.095843
0 0.383253 0.424213 0.064672 0.107463
0 0.355154 0.480245 0.053245 0.132639
0 0.446464 0.807731 0.052562 0.164722
0 0.714221 0.653662 0.054349 0.150472
0 0.782693 0.296579 0.051677 0.126713
0 0.386971 0.513407 0.054443 0.142130
