0 0.469500 0.461620 0.044635 0.088981
0 0.258508 0.253023 0.048599 0.159787
0 0.562539 0.554218 0.054193 0.186287
0 0.443508 0.744333 0.045745 0.190926
0 0.613036 0.356819 0.033406 0.157509
0 0.475289 0.186505 0.043568 0.145583
0 0.473544 0.290931 0.045057 0.147417
0 0.468076 0.446579 0.030151 0.089380
0 0.519057 0.312819 0.048698 0.154343
0 0.359234 0.492556 0.036531 0.163037
0 0.679786 0.387602 0.052969 0.155296
0 0.419479 0.446264 0.085542 0.082639
0 0.330458 0.508565 0.052104 0.174037
0 0.482961 0.403620 0.044193 0.089019
0 0.567932 0.446630 0.045062 0.130870
0 0.431016 0.507880 0.057865 0.150685
0 0.329102 0.432764 0.048849 0.149565
0 0.443695 0.437741 0.048682 0.078963
0 0.488497 0.455764 0.041766 0.130065
0 0.572815 0.394069 0.044016 0.131120
0 0.472115 0.443319 0.033281 0.117139
0 0.465242 0.584139 0.043568 0.161463
