0 0.244562 0.301833 0.033271 0.102944
0 0.241091 0.332625 0.042057 0.134917
0 0.255909 0.544509 0.059630 0.129148
0 0.148742 0.745866 0.056380 0.150361
0 0.400659 0.205162 0.047380 0.097880
0 0.419667 0.121528 0.043562 0.117389
0 0.636810 0.140245 0.040568 0.109935
0 0.568706 0.226468 0.040182 0.119157
0 0.359992 0.303435 0.034307 0.094685
0 0.355648 0.339981 0.038120 0.069519
0 0.362250 0.372593 0.039302 0.096444
0 0.334411 0.400259 0.041385 0.094185
0 0.303612 0.414440 0.050589 0.116176
0 0.439708 0.270472 0.054865 0.112796
0 0.522424 0.413745 0.041932 0.139417
0 0.412070 0.360750 0.055141 0.095852
0 0.384516 0.424370 0.063125 0.107463
0 0.355211 0.479194 0.052391 0.132630
0 0.444484 0.806917 0.052562 0.164722
0 0.713922 0.651528 0.054344 0.150463
0 0.784513 0.296329 0.051672 0.126713
0 0.391872 0.516727 0.054443 0.142120
