0 0.244846 0.300153 0.032703 0.108657
0 0.239438 0.331153 0.042052 0.134917
0 0.255708 0.544028 0.059635 0.129148
0 0.149938 0.747148 0.056385 0.150352
0 0.400997 0.206347 0.047380 0.097880
0 0.418703 0.121528 0.043562 0.117389
0 0.630102 0.137653 0.040568 0.109935
0 0.569773 0.225083 0.041411 0.121685
0 0.359951 0.303769 0.034307 0.092370
0 0.355648 0.340435 0.038120 0.068611
0 0.362503 0.373176 0.038932 0.095407
0 0.334411 0.400903 0.041385 0.092898
0 0.304013 0.414440 0.051391 0.116176
0 0.439938 0.267810 0.053740 0.122065
0 0.523591 0.414005 0.041932 0.139417
0 0.412500 0.361523 0.056000 0.095843
0 0.386096 0.424565 0.061203 0.107463
0 0.355281 0.477889 0.051323 0.132630
0 0.442013 0.805898 0.052568 0.164722
0 0.713547 0.648861 0.054344 0.150463
0 0.786786 0.296014 0.051677 0.126713
0 0.397992 0.520875 0.054443 0.142120
