0 0.244281 0.303514 0.033833 0.097250
0 0.242747 0.334093 0.042057 0.134926
0 0.256112 0.545000 0.059630 0.129148
0 0.150966 0.752278 0.056380 0.150352
0 0.402893 0.204639 0.047380 0.097870
0 0.420633 0.121528 0.043568 0.117389
0 0.644273 0.143245 0.040568 0.109935
0 0.567641 0.227843 0.038958 0.116630
0 0.360034 0.303097 0.034307 0.096991
0 0.355648 0.339528 0.038120 0.070426
0 0.361997 0.372009 0.039661 0.097481
0 0.334411 0.399611 0.041385 0.095481
0 0.303211 0.414440 0.049786 0.116176
0 0.439625 0.272963 0.055615 0.105537
0 0.521258 0.413486 0.041932 0.139417
0 0.411641 0.359977 0.054281 0.095843
0 0.382937 0.424176 0.065052 0.107463
0 0.355138 0.480509 0.053464 0.132630
0 0.446958 0.807931 0.052562 0.164731
0 0.718596 0.658014 0.054349 0.150472
0 0.782237 0.296639 0.051672 0.126704
0 0.387846 0.514343 0.054443 0.142130
