0 0.266703 0.355944 0.045052 0.090685
0 0.226432 0.341481 0.042052 0.134926
0 0.362206 0.570602 0.055651 0.129148
0 0.274146 0.771250 0.059365 0.150352
0 0.495260 0.222120 0.047375 0.097870
0 0.405570 0.122241 0.043568 0.117389
0 0.665883 0.151995 0.051880 0.109935
0 0.563591 0.233083 0.034297 0.107019
0 0.350464 0.309329 0.034312 0.103472
0 0.319917 0.361505 0.049833 0.096806
0 0.387729 0.393356 0.040323 0.106620
0 0.323951 0.420194 0.045776 0.101685
0 0.263799 0.445847 0.050984 0.116176
0 0.369190 0.297417 0.044224 0.107500
0 0.454943 0.414500 0.043823 0.139407
0 0.355393 0.359250 0.040568 0.109463
0 0.345826 0.388398 0.045432 0.112870
0 0.252779 0.468852 0.045745 0.132630
0 0.485576 0.824856 0.052568 0.164731
0 0.812435 0.632509 0.060964 0.150463
0 0.666161 0.323236 0.056010 0.126713
0 0.406971 0.561417 0.054443 0.142130
