0 0.348172 0.417028 0.044635 0.098778
0 0.190167 0.276241 0.047844 0.140093
0 0.525216 0.592532 0.056464 0.151824
0 0.450586 0.829782 0.056380 0.177139
0 0.653297 0.353352 0.050990 0.126833
0 0.409034 0.071306 0.043568 0.117389
0 0.563310 0.218218 0.046078 0.126824
0 0.484682 0.370769 0.056323 0.124407
0 0.445130 0.325704 0.040750 0.135148
0 0.363141 0.430403 0.045729 0.114639
0 0.522523 0.476491 0.044380 0.145333
0 0.234589 0.370222 0.043427 0.127815
0 0.321453 0.524069 0.042719 0.151509
0 0.459844 0.321181 0.036292 0.142935
0 0.543352 0.459435 0.046984 0.127833
0 0.320003 0.461250 0.043984 0.092352
0 0.186740 0.444366 0.061437 0.131120
0 0.358393 0.524991 0.045932 0.128426
0 0.445430 0.655819 0.044109 0.155324
0 0.582000 0.502648 0.043083 0.135519
0 0.407484 0.436370 0.040104 0.125722
0 0.392651 0.769991 0.050302 0.164315
