0 0.443708 0.444148 0.044635 0.088981
0 0.248565 0.258745 0.045328 0.147361
0 0.575263 0.568417 0.054193 0.173667
0 0.468747 0.761213 0.049109 0.187222
0 0.620068 0.362829 0.033979 0.135398
0 0.468195 0.159940 0.043568 0.145583
0 0.482383 0.282403 0.044714 0.136565
0 0.438771 0.437898 0.030146 0.089389
0 0.514638 0.313125 0.048703 0.154343
0 0.359583 0.500727 0.035833 0.140102
0 0.672021 0.427750 0.058250 0.154556
0 0.420672 0.418310 0.056646 0.073250
0 0.335846 0.522157 0.048953 0.173000
0 0.472901 0.376755 0.044198 0.116528
0 0.582208 0.462148 0.053604 0.110426
0 0.389927 0.522259 0.047906 0.149833
0 0.307414 0.429403 0.048849 0.148009
0 0.443695 0.437741 0.048682 0.078963
0 0.480365 0.468222 0.043406 0.128519
0 0.610646 0.414898 0.050135 0.117370
0 0.433036 0.437532 0.033281 0.117139
0 0.464073 0.631958 0.043552 0.169454
