0 0.244083 0.299264 0.034219 0.118028
0 0.232750 0.332065 0.025438 0.134926
0 0.255286 0.543000 0.059635 0.129148
0 0.151081 0.747843 0.056380 0.150352
0 0.401706 0.208847 0.047380 0.097880
0 0.416677 0.121528 0.043562 0.117389
0 0.612076 0.134542 0.040568 0.109935
0 0.572010 0.222190 0.043990 0.126991
0 0.359862 0.304477 0.034307 0.087528
0 0.355648 0.341389 0.038120 0.066704
0 0.363034 0.374394 0.038161 0.093231
0 0.334411 0.402264 0.041385 0.090176
0 0.304852 0.414440 0.053068 0.116176
0 0.441977 0.267282 0.049526 0.123917
0 0.526039 0.414546 0.041932 0.139407
0 0.413404 0.363148 0.057797 0.095852
0 0.389414 0.424972 0.057161 0.107463
0 0.355430 0.475134 0.049068 0.132639
0 0.427521 0.802588 0.052562 0.164731
0 0.712760 0.643264 0.054344 0.150472
0 0.787521 0.295199 0.051677 0.126713
0 0.399357 0.520528 0.054443 0.142130
