0 0.275271 0.390199 0.044635 0.100102
0 0.217211 0.321764 0.042057 0.134917
0 0.390893 0.586838 0.055932 0.129157
0 0.362143 0.787000 0.056651 0.150352
0 0.558917 0.248995 0.043313 0.097880
0 0.407070 0.114685 0.043568 0.117389
0 0.626927 0.159741 0.046073 0.100630
0 0.562526 0.234463 0.033073 0.104481
0 0.349570 0.310255 0.032526 0.101620
0 0.329352 0.367449 0.049839 0.096806
0 0.402276 0.415597 0.047323 0.111750
0 0.320034 0.412694 0.053609 0.116685
0 0.258698 0.457056 0.036667 0.110704
0 0.378563 0.300139 0.040260 0.102056
0 0.433432 0.415537 0.043823 0.139407
0 0.352904 0.371255 0.040568 0.109472
0 0.305026 0.401630 0.053073 0.112870
0 0.250388 0.480986 0.045745 0.132639
0 0.514029 0.820407 0.059443 0.164722
0 0.808057 0.605829 0.060969 0.150472
0 0.576052 0.354245 0.056010 0.126713
0 0.409622 0.629009 0.054443 0.142130
