0 0.248443 0.303495 0.038396 0.125398
0 0.271583 0.337731 0.042052 0.134926
0 0.259589 0.540241 0.059635 0.129148
0 0.154151 0.738944 0.056385 0.150352
0 0.402620 0.212060 0.047375 0.097880
0 0.419464 0.123250 0.043563 0.107111
0 0.594023 0.135264 0.028318 0.106509
0 0.572117 0.232306 0.044109 0.106741
0 0.359750 0.305389 0.034312 0.081278
0 0.355648 0.342611 0.038120 0.064259
0 0.363716 0.375963 0.037182 0.090444
0 0.334411 0.404009 0.041385 0.086685
0 0.305932 0.414440 0.055229 0.116176
0 0.444810 0.267282 0.043859 0.123917
0 0.536727 0.407741 0.041932 0.139407
0 0.414563 0.365236 0.060104 0.095843
0 0.393682 0.425491 0.051958 0.107463
0 0.355622 0.471597 0.046172 0.132639
0 0.417831 0.792843 0.052568 0.164722
0 0.711747 0.636065 0.054349 0.150463
0 0.781534 0.293870 0.051672 0.126704
0 0.406674 0.532949 0.054443 0.142120
