0 0.468734 0.464648 0.044635 0.088981
0 0.259544 0.252199 0.049005 0.161343
0 0.560698 0.554088 0.054740 0.187861
0 0.438539 0.742139 0.046172 0.192389
0 0.612922 0.355167 0.033635 0.159370
0 0.475464 0.187745 0.043562 0.145583
0 0.474068 0.291866 0.044594 0.147417
0 0.468076 0.446579 0.030151 0.089380
0 0.518185 0.313227 0.048703 0.154343
0 0.358885 0.490181 0.037229 0.164269
0 0.677984 0.384708 0.052969 0.155306
0 0.418898 0.447097 0.085536 0.082639
0 0.329555 0.506912 0.052391 0.175065
0 0.482031 0.408787 0.044198 0.089019
0 0.566885 0.443060 0.045062 0.133250
0 0.434448 0.502921 0.056000 0.147176
0 0.330846 0.431056 0.048849 0.151111
0 0.443695 0.437741 0.048682 0.078963
0 0.490531 0.454162 0.041760 0.131620
0 0.569383 0.393134 0.044016 0.131120
0 0.472115 0.443319 0.033281 0.117139
0 0.465185 0.579384 0.043568 0.161472
