0 0.566768 0.428403 0.048339 0.270972
0 0.504977 0.346620 0.074922 0.201981
0 0.434281 0.564667 0.137500 0.171593
0 0.286948 0.636019 0.115656 0.377333
0 0.084599 0.818102 0.088896 0.350593
0 0.526365 0.154917 0.058115 0.256148
0 0.628198 0.193042 0.073604 0.278306
0 0.468076 0.446579 0.030151 0.089380
0 0.313047 0.275986 0.066948 0.300713
0 0.198099 0.450028 0.086365 0.369833
0 0.561667 0.303431 0.058375 0.252806
0 0.351938 0.417718 0.047292 0.219417
0 0.098781 0.487343 0.091771 0.372056
0 0.474589 0.450139 0.044198 0.089019
0 0.623797 0.460926 0.053510 0.330778
0 0.347023 0.520269 0.063141 0.363870
0 0.308940 0.470486 0.059589 0.291546
0 0.443695 0.437741 0.048682 0.078963
0 0.544458 0.629810 0.069010 0.345935
0 0.620130 0.424625 0.047823 0.273157
0 0.472115 0.443319 0.033281 0.117139
0 0.452383 0.541588 0.062422 0.348750
