0 0.404349 0.424523 0.043250 0.107065
0 0.233273 0.266588 0.042922 0.135694
0 0.578568 0.582051 0.058927 0.177454
0 0.485904 0.788444 0.049641 0.178241
0 0.631354 0.373083 0.034323 0.137593
0 0.452466 0.120477 0.043568 0.125843
0 0.504708 0.283093 0.044365 0.131907
0 0.399753 0.413185 0.030151 0.089389
0 0.504052 0.315412 0.043146 0.154343
0 0.363464 0.488028 0.042760 0.140944
0 0.629635 0.473319 0.054979 0.144380
0 0.351935 0.400898 0.059328 0.114093
0 0.339388 0.539213 0.050589 0.173000
0 0.463745 0.338843 0.038667 0.128315
0 0.584279 0.462356 0.050068 0.112528
0 0.351401 0.509301 0.042844 0.142880
0 0.267734 0.430111 0.051708 0.163963
0 0.425378 0.476088 0.048682 0.118028
0 0.466096 0.520722 0.044109 0.147278
0 0.632599 0.452037 0.050521 0.133204
0 0.413036 0.416963 0.033281 0.117130
0 0.452448 0.695801 0.043552 0.172880
