0 0.244734 0.300824 0.032927 0.106370
0 0.240099 0.331741 0.042052 0.134926
0 0.255789 0.544222 0.059630 0.129148
0 0.149034 0.745639 0.056380 0.150352
0 0.400862 0.205875 0.047380 0.097880
0 0.419089 0.121528 0.043562 0.117389
0 0.632784 0.138690 0.040568 0.109935
0 0.569346 0.225634 0.040922 0.120676
0 0.359966 0.303634 0.034307 0.093306
0 0.355648 0.340255 0.038120 0.068972
0 0.362401 0.372940 0.039083 0.095824
0 0.334411 0.400644 0.041385 0.093417
0 0.303852 0.414440 0.051068 0.116176
0 0.439846 0.268875 0.054193 0.118361
0 0.523122 0.413903 0.041932 0.139417
0 0.412328 0.361218 0.055656 0.095843
0 0.385466 0.424481 0.061974 0.107463
0 0.355253 0.478412 0.051745 0.132639
0 0.443000 0.806306 0.052562 0.164722
0 0.713698 0.649931 0.054344 0.150472
0 0.785878 0.296144 0.051672 0.126713
0 0.395544 0.519213 0.054443 0.142130
