0 0.456490 0.513019 0.044635 0.088981
0 0.273995 0.259458 0.055552 0.186213
0 0.527622 0.584519 0.060172 0.207593
0 0.360276 0.759722 0.052979 0.215778
0 0.611073 0.364259 0.041083 0.174259
0 0.474997 0.243995 0.043568 0.170417
0 0.488026 0.331972 0.040885 0.169741
0 0.468076 0.446579 0.030151 0.089380
0 0.500044 0.351255 0.048703 0.159269
0 0.355630 0.489787 0.042812 0.191574
0 0.661708 0.388856 0.050188 0.175120
0 0.410523 0.496287 0.089255 0.101685
0 0.310706 0.518898 0.054703 0.189130
0 0.474589 0.450139 0.044198 0.089019
0 0.561177 0.452139 0.037875 0.171241
0 0.467948 0.507495 0.041094 0.167898
0 0.346419 0.460810 0.041849 0.175954
0 0.443695 0.437741 0.048682 0.078963
0 0.519409 0.485347 0.041766 0.147231
0 0.534497 0.418769 0.044016 0.150963
0 0.472115 0.443319 0.033281 0.117139
0 0.464716 0.557894 0.043568 0.181343
