0 0.244479 0.302333 0.033437 0.101241
0 0.241589 0.333065 0.042052 0.134926
0 0.255971 0.544657 0.059630 0.129148
0 0.149659 0.748463 0.056380 0.150352
0 0.400560 0.204801 0.047380 0.097880
0 0.419956 0.121528 0.043568 0.117389
0 0.638820 0.141023 0.040568 0.109935
0 0.568388 0.226875 0.039818 0.118398
0 0.360008 0.303329 0.034307 0.095380
0 0.355648 0.339847 0.038120 0.069787
0 0.362174 0.372417 0.039411 0.096759
0 0.334411 0.400065 0.041385 0.094574
0 0.303492 0.414440 0.050349 0.116176
0 0.439638 0.271269 0.055203 0.110019
0 0.522070 0.413667 0.041932 0.139407
0 0.411943 0.360519 0.054885 0.095852
0 0.384044 0.424315 0.063703 0.107463
0 0.355190 0.479593 0.052714 0.132630
0 0.445227 0.807222 0.052568 0.164722
0 0.714034 0.652329 0.054349 0.150472
0 0.783831 0.296421 0.051672 0.126713
0 0.390034 0.515481 0.054443 0.142130
