0 0.251021 0.304551 0.038396 0.125398
0 0.275070 0.338338 0.042057 0.134917
0 0.260120 0.539972 0.059635 0.129148
0 0.155083 0.738116 0.056385 0.150361
0 0.402687 0.212296 0.047375 0.097870
0 0.419685 0.123380 0.043568 0.106315
0 0.592737 0.136407 0.028318 0.105537
0 0.572117 0.233093 0.044109 0.105167
0 0.359742 0.305454 0.034307 0.080815
0 0.355648 0.342704 0.038120 0.064074
0 0.363766 0.376079 0.037104 0.090250
0 0.334411 0.404139 0.041385 0.086426
0 0.306013 0.414440 0.055391 0.116176
0 0.445021 0.267282 0.043437 0.123917
0 0.537539 0.407218 0.041932 0.139417
0 0.414648 0.365394 0.060276 0.095843
0 0.393997 0.425528 0.051578 0.107463
0 0.355635 0.471333 0.045958 0.132630
0 0.417266 0.792722 0.052562 0.164722
0 0.711674 0.635532 0.054349 0.150472
0 0.781089 0.293773 0.051677 0.126713
0 0.409336 0.535315 0.054443 0.142130
