0 0.430047 0.438435 0.044635 0.088981
0 0.244742 0.260843 0.044099 0.142685
0 0.580034 0.573745 0.054193 0.168935
0 0.477435 0.767509 0.050734 0.186259
0 0.623031 0.364690 0.034323 0.126731
0 0.465232 0.149088 0.043568 0.145583
0 0.486396 0.279144 0.044365 0.131917
0 0.426211 0.434176 0.030151 0.089389
0 0.512372 0.313440 0.048703 0.154343
0 0.359583 0.503213 0.035833 0.130796
0 0.667919 0.443718 0.060516 0.154231
0 0.420932 0.406685 0.044260 0.069222
0 0.337768 0.527273 0.047724 0.173009
0 0.468193 0.367454 0.044198 0.128315
0 0.587878 0.467273 0.057266 0.102694
0 0.373786 0.526296 0.042844 0.147963
0 0.298867 0.427231 0.048849 0.148019
0 0.443695 0.437741 0.048682 0.078963
0 0.477753 0.472870 0.044109 0.128519
0 0.625391 0.423426 0.052760 0.111481
0 0.416292 0.435051 0.033281 0.117139
0 0.463544 0.650421 0.043547 0.172880
