0 0.457255 0.510000 0.044635 0.088981
0 0.273224 0.257727 0.055146 0.184657
0 0.530898 0.583046 0.062891 0.211537
0 0.365094 0.755324 0.052552 0.214315
0 0.611187 0.361472 0.040385 0.174259
0 0.475232 0.238204 0.043568 0.167315
0 0.486805 0.327894 0.040880 0.166954
0 0.468076 0.446579 0.030151 0.089380
0 0.501440 0.346912 0.048703 0.158657
0 0.355688 0.487463 0.042812 0.189407
0 0.661943 0.385444 0.050531 0.172648
0 0.410990 0.490958 0.088792 0.099306
0 0.312159 0.515750 0.054703 0.188407
0 0.474589 0.450139 0.044198 0.089019
0 0.560844 0.447435 0.038771 0.168870
0 0.467193 0.501963 0.041094 0.161796
0 0.346216 0.455384 0.042724 0.174398
0 0.443695 0.437741 0.048682 0.078963
0 0.517833 0.479852 0.041760 0.146833
0 0.535424 0.414639 0.044016 0.148481
0 0.472115 0.443319 0.033281 0.117139
0 0.464716 0.555824 0.043568 0.178852
