0 0.543424 0.410046 0.038401 0.141685
0 0.455352 0.551769 0.101141 0.092648
0 0.260099 0.163907 0.075417 0.247259
0 0.441385 0.618236 0.089313 0.283898
0 0.244104 0.813565 0.069177 0.290463
0 0.588083 0.290329 0.042479 0.234250
0 0.502469 0.192366 0.056438 0.246231
0 0.564979 0.276528 0.041687 0.191259
0 0.468076 0.446579 0.030151 0.089380
0 0.435924 0.320898 0.056182 0.205241
0 0.306818 0.488852 0.063094 0.270667
0 0.639745 0.363639 0.064510 0.260407
0 0.376414 0.492912 0.074411 0.180898
0 0.227435 0.508931 0.075391 0.279528
0 0.474589 0.450139 0.044198 0.089019
0 0.586268 0.459356 0.045057 0.253991
0 0.428057 0.519319 0.042302 0.236120
0 0.347133 0.466384 0.042620 0.258731
0 0.443695 0.437741 0.048682 0.078963
0 0.542633 0.554259 0.053047 0.248148
0 0.567427 0.394333 0.044396 0.167648
0 0.472115 0.443319 0.033281 0.117139
0 0.464695 0.549921 0.044714 0.247343
