0 0.243893 0.299407 0.034599 0.118704
0 0.234589 0.332171 0.028760 0.134917
0 0.255245 0.542898 0.059635 0.129148
0 0.147508 0.747741 0.056380 0.150352
0 0.401773 0.209088 0.047380 0.097880
0 0.416693 0.121588 0.043562 0.116991
0 0.610534 0.133884 0.039953 0.109935
0 0.572117 0.222444 0.044109 0.126463
0 0.359857 0.304546 0.034307 0.087056
0 0.355648 0.341477 0.038120 0.066528
0 0.363083 0.374509 0.038094 0.093037
0 0.334411 0.402394 0.041385 0.089917
0 0.304932 0.414440 0.053229 0.116176
0 0.442188 0.267282 0.049104 0.123917
0 0.526560 0.414315 0.041932 0.139407
0 0.413487 0.363301 0.057964 0.095843
0 0.389732 0.425009 0.056776 0.107463
0 0.355443 0.474870 0.048854 0.132630
0 0.426544 0.800852 0.052568 0.164722
0 0.712685 0.642731 0.054349 0.150463
0 0.787076 0.295102 0.051672 0.126704
0 0.398247 0.519935 0.054443 0.142130
