0 0.464906 0.479759 0.044635 0.088981
0 0.264714 0.248074 0.051052 0.169111
0 0.551487 0.553463 0.057453 0.195759
0 0.413703 0.731157 0.048302 0.199704
0 0.612344 0.346894 0.034792 0.168676
0 0.476336 0.193949 0.043568 0.145583
0 0.476685 0.296514 0.042276 0.147417
0 0.468076 0.446579 0.030151 0.089380
0 0.513826 0.315296 0.048703 0.154333
0 0.357141 0.478296 0.040719 0.170463
0 0.668971 0.370236 0.052964 0.155306
0 0.415992 0.451227 0.085536 0.082639
0 0.325044 0.498648 0.053839 0.180222
0 0.477380 0.434630 0.044198 0.089019
0 0.561654 0.425227 0.045057 0.145120
0 0.451607 0.478116 0.046682 0.129620
0 0.339570 0.422528 0.048849 0.158870
0 0.443695 0.437741 0.048682 0.078963
0 0.500708 0.446157 0.041760 0.139352
0 0.552232 0.388486 0.044016 0.131120
0 0.472115 0.443319 0.033281 0.117139
0 0.464893 0.555606 0.043568 0.161472
