0 0.566768 0.428403 0.048339 0.270972
0 0.497919 0.363898 0.077589 0.377315
0 0.541310 0.441218 0.087339 0.315713
0 0.440898 0.419120 0.080651 0.338426
0 0.740927 0.457389 0.090729 0.401685
0 0.397880 0.566486 0.137500 0.275361
0 0.177870 0.635806 0.119219 0.457556
0 0.456878 0.138551 0.062026 0.261620
0 0.677990 0.156838 0.091219 0.305546
0 0.468076 0.446579 0.030151 0.089380
0 0.212734 0.263245 0.082521 0.413713
0 0.116336 0.384505 0.101172 0.433417
0 0.551289 0.305306 0.060964 0.268093
0 0.349469 0.402213 0.049042 0.216315
0 0.474589 0.450139 0.044198 0.089019
0 0.644901 0.459361 0.066167 0.396352
0 0.328844 0.529528 0.090271 0.416889
0 0.303258 0.470167 0.058172 0.291537
0 0.443695 0.437741 0.048682 0.078963
0 0.547057 0.673546 0.091031 0.408037
0 0.623208 0.424625 0.047823 0.273157
0 0.472115 0.443319 0.033281 0.117139
0 0.440013 0.531741 0.081880 0.424333
