0 0.292578 0.414944 0.044635 0.088981
0 0.207365 0.301458 0.042052 0.134917
0 0.419615 0.568509 0.055281 0.129148
0 0.385117 0.787227 0.056380 0.158472
0 0.615979 0.270236 0.043313 0.099306
0 0.408336 0.104815 0.043568 0.117389
0 0.601771 0.157319 0.046073 0.100639
0 0.554182 0.267037 0.033073 0.104481
0 0.368479 0.311097 0.033167 0.104139
0 0.339729 0.373977 0.049833 0.096806
0 0.430568 0.408116 0.045729 0.111750
0 0.274266 0.369269 0.037771 0.085019
0 0.276354 0.456884 0.036667 0.110694
0 0.391000 0.303389 0.036292 0.096611
0 0.465229 0.419569 0.049115 0.138787
0 0.358419 0.404116 0.040568 0.109472
0 0.245469 0.430403 0.041979 0.069750
0 0.281104 0.483278 0.039604 0.122130
0 0.480505 0.760148 0.059448 0.164722
0 0.726195 0.555569 0.060964 0.150472
0 0.506521 0.379102 0.056010 0.120000
0 0.396565 0.682824 0.054443 0.129722
