0 0.462609 0.488833 0.044635 0.088981
0 0.267818 0.245593 0.052281 0.173778
0 0.545690 0.556940 0.059089 0.200491
0 0.398799 0.724569 0.049578 0.204083
0 0.611997 0.341926 0.035484 0.174259
0 0.476859 0.197671 0.043562 0.145583
0 0.478258 0.299306 0.040880 0.147407
0 0.468076 0.446579 0.030151 0.089380
0 0.511208 0.316537 0.048698 0.154333
0 0.356094 0.471167 0.042812 0.174185
0 0.663565 0.361556 0.052964 0.155296
0 0.414247 0.453708 0.085536 0.082639
0 0.322336 0.493694 0.054703 0.183315
0 0.474589 0.450139 0.044198 0.089019
0 0.558513 0.414523 0.045057 0.152250
0 0.461901 0.463236 0.041094 0.119083
0 0.344799 0.417407 0.048849 0.163519
0 0.443695 0.437741 0.048682 0.078963
0 0.506812 0.441352 0.041760 0.144000
0 0.541940 0.385690 0.044016 0.131120
0 0.472115 0.443319 0.033281 0.117139
0 0.464716 0.541347 0.043568 0.161472
