0 0.242469 0.300491 0.037448 0.123722
0 0.254151 0.334708 0.042052 0.134917
0 0.256940 0.541574 0.059630 0.129148
0 0.150021 0.743481 0.056385 0.150352
0 0.402281 0.210866 0.047375 0.097880
0 0.418357 0.122588 0.043568 0.111065
0 0.601094 0.130468 0.030323 0.109935
0 0.572117 0.228361 0.044109 0.114630
0 0.359792 0.305051 0.034312 0.083583
0 0.355648 0.342157 0.038120 0.065167
0 0.363464 0.375380 0.037542 0.091481
0 0.334411 0.403366 0.041385 0.087972
0 0.305531 0.414440 0.054427 0.116176
0 0.443760 0.267282 0.045958 0.123917
0 0.532659 0.410370 0.041932 0.139407
0 0.414133 0.364463 0.059245 0.095852
0 0.392099 0.425296 0.053885 0.107463
0 0.355549 0.472907 0.047245 0.132630
0 0.420661 0.793472 0.052562 0.164722
0 0.712122 0.638731 0.054349 0.150463
0 0.783750 0.294361 0.051677 0.126704
0 0.396914 0.523486 0.054443 0.142120
