0 0.466437 0.473713 0.044635 0.088981
0 0.262648 0.249722 0.050234 0.166000
0 0.555169 0.553713 0.056370 0.192593
0 0.423638 0.735546 0.047453 0.196778
0 0.612576 0.350204 0.034328 0.164944
0 0.475987 0.191468 0.043568 0.145583
0 0.475638 0.294653 0.043203 0.147417
0 0.468076 0.446579 0.030151 0.089380
0 0.515570 0.314468 0.048703 0.154343
0 0.357839 0.483051 0.039323 0.167991
0 0.672578 0.376028 0.052969 0.155296
0 0.417154 0.449574 0.085536 0.082648
0 0.326849 0.501958 0.053260 0.178157
0 0.479240 0.424296 0.044198 0.089019
0 0.563747 0.432361 0.045057 0.140370
0 0.444742 0.488042 0.050411 0.136639
0 0.336081 0.425940 0.048849 0.155769
0 0.443695 0.437741 0.048682 0.078963
0 0.496638 0.449361 0.041766 0.136259
0 0.559091 0.390347 0.044016 0.131120
0 0.472115 0.443319 0.033281 0.117139
0 0.465008 0.565120 0.043568 0.161463
