0 0.242565 0.300417 0.037255 0.123389
0 0.252409 0.334407 0.042057 0.134926
0 0.256674 0.541708 0.059630 0.129157
0 0.149732 0.744028 0.056380 0.150352
0 0.402247 0.210750 0.047380 0.097870
0 0.418245 0.122519 0.043562 0.111463
0 0.601948 0.130208 0.030990 0.109935
0 0.572117 0.227968 0.044109 0.115417
0 0.359794 0.305014 0.034307 0.083824
0 0.355648 0.342116 0.038120 0.065250
0 0.363437 0.375324 0.037583 0.091593
0 0.334411 0.403301 0.041385 0.088102
0 0.305492 0.414440 0.054349 0.116176
0 0.443656 0.267282 0.046167 0.123917
0 0.532253 0.410634 0.041932 0.139417
0 0.414091 0.364384 0.059161 0.095843
0 0.391945 0.425278 0.054078 0.107463
0 0.355542 0.473037 0.047354 0.132630
0 0.420943 0.793537 0.052562 0.164722
0 0.712161 0.638995 0.054344 0.150472
0 0.783971 0.294412 0.051672 0.126713
0 0.396471 0.522894 0.054443 0.142120
