0 0.279292 0.402699 0.044635 0.090565
0 0.211680 0.309935 0.042057 0.134926
0 0.403992 0.576639 0.060714 0.129148
0 0.375445 0.784236 0.056380 0.154417
0 0.590742 0.259667 0.043307 0.097870
0 0.407971 0.110148 0.043568 0.117389
0 0.612518 0.157074 0.046078 0.100630
0 0.558323 0.252079 0.033073 0.104491
0 0.359518 0.310255 0.032526 0.101620
0 0.335010 0.371009 0.049833 0.096796
0 0.417286 0.409727 0.047323 0.111750
0 0.294307 0.387329 0.044104 0.095176
0 0.267839 0.456009 0.036667 0.110704
0 0.384185 0.301773 0.037880 0.098787
0 0.450990 0.417139 0.047135 0.139407
0 0.355914 0.389181 0.040568 0.109472
0 0.271945 0.416815 0.044859 0.086370
0 0.266906 0.480977 0.041917 0.126324
0 0.495305 0.784690 0.059443 0.164731
0 0.763763 0.576602 0.060964 0.150463
0 0.537023 0.368653 0.056005 0.126713
0 0.403237 0.657019 0.054443 0.134685
