0 0.244763 0.300657 0.032870 0.106944
0 0.239932 0.331593 0.042052 0.134926
0 0.255768 0.544171 0.059630 0.129157
0 0.149260 0.746019 0.056385 0.150352
0 0.400896 0.205995 0.047375 0.097880
0 0.418992 0.121528 0.043568 0.117389
0 0.632112 0.138431 0.040568 0.109935
0 0.569453 0.225500 0.041042 0.120926
0 0.359964 0.303671 0.034312 0.093065
0 0.355648 0.340301 0.038120 0.068880
0 0.362427 0.373000 0.039042 0.095722
0 0.334411 0.400708 0.041385 0.093287
0 0.303893 0.414440 0.051151 0.116176
0 0.439870 0.268606 0.054073 0.119287
0 0.523237 0.413926 0.041932 0.139407
0 0.412370 0.361292 0.055740 0.095843
0 0.385622 0.424505 0.061776 0.107454
0 0.355258 0.478278 0.051641 0.132630
0 0.442753 0.806204 0.052568 0.164722
0 0.713661 0.649662 0.054344 0.150472
0 0.786104 0.296111 0.051677 0.126704
0 0.396159 0.519630 0.054443 0.142130
