0 0.439156 0.442241 0.044635 0.088981
0 0.247292 0.259444 0.044917 0.145796
0 0.576852 0.570194 0.054193 0.172093
0 0.471643 0.763310 0.049651 0.186898
0 0.621057 0.363449 0.034094 0.132509
0 0.467206 0.156319 0.043568 0.145583
0 0.483721 0.281315 0.044599 0.135019
0 0.434583 0.436657 0.030146 0.089389
0 0.513883 0.313227 0.048703 0.154343
0 0.359583 0.501556 0.035833 0.137000
0 0.670654 0.433074 0.059005 0.154444
0 0.420758 0.414435 0.052516 0.071907
0 0.336484 0.523861 0.048542 0.173000
0 0.471331 0.373653 0.044193 0.120454
0 0.584096 0.463852 0.054828 0.107852
0 0.384547 0.523606 0.046219 0.149213
0 0.304565 0.428681 0.048849 0.148009
0 0.443695 0.437741 0.048682 0.078963
0 0.479492 0.469769 0.043641 0.128519
0 0.615563 0.417741 0.051010 0.115407
0 0.427458 0.436708 0.033281 0.117139
0 0.463896 0.638111 0.043552 0.170593
