0 0.273932 0.386037 0.044635 0.103278
0 0.219057 0.325708 0.042052 0.134917
0 0.386599 0.586370 0.054198 0.129148
0 0.344544 0.783852 0.057193 0.150352
0 0.546188 0.243616 0.044125 0.097880
0 0.406771 0.116194 0.043563 0.117389
0 0.634719 0.158190 0.047240 0.102491
0 0.562740 0.234190 0.033313 0.104991
0 0.349750 0.310069 0.032885 0.101991
0 0.327464 0.366259 0.049833 0.096796
0 0.399367 0.411148 0.045922 0.110722
0 0.320818 0.414194 0.052042 0.113685
0 0.259719 0.454815 0.039531 0.111796
0 0.376688 0.299597 0.041052 0.103139
0 0.437734 0.415329 0.043823 0.139417
0 0.353404 0.368852 0.040568 0.109463
0 0.313185 0.398981 0.051547 0.112870
0 0.250867 0.478560 0.045745 0.132639
0 0.508336 0.821296 0.058068 0.164722
0 0.808935 0.611162 0.060964 0.150472
0 0.594076 0.348042 0.056005 0.126713
0 0.409094 0.615491 0.054448 0.142130
