0 0.252312 0.305079 0.038396 0.125398
0 0.276813 0.338639 0.042052 0.134926
0 0.260385 0.539843 0.059635 0.129148
0 0.155549 0.737704 0.056380 0.150352
0 0.402721 0.212412 0.047380 0.097880
0 0.419797 0.123449 0.043562 0.105917
0 0.592091 0.136977 0.028318 0.105046
0 0.572117 0.233486 0.044109 0.104380
0 0.359737 0.305486 0.034307 0.080583
0 0.355648 0.342750 0.038120 0.063981
0 0.363794 0.376134 0.037068 0.090139
0 0.334411 0.404204 0.041385 0.086296
0 0.306052 0.414440 0.055469 0.116176
0 0.445125 0.267282 0.043229 0.123917
0 0.537945 0.406954 0.041932 0.139407
0 0.414693 0.365468 0.060365 0.095843
0 0.394156 0.425546 0.051385 0.107463
0 0.355641 0.471204 0.045854 0.132630
0 0.416984 0.792657 0.052563 0.164722
0 0.711635 0.635264 0.054344 0.150472
0 0.780867 0.293722 0.051672 0.126704
0 0.410664 0.536495 0.054443 0.142120
