0 0.358620 0.410222 0.044635 0.091426
0 0.200094 0.281241 0.048563 0.140741
0 0.551417 0.590412 0.054521 0.160472
0 0.469539 0.819644 0.056380 0.182009
0 0.634224 0.373231 0.050990 0.126833
0 0.418573 0.078907 0.043562 0.117389
0 0.547523 0.246866 0.046078 0.126824
0 0.451138 0.398833 0.065536 0.124407
0 0.476047 0.326870 0.040750 0.135148
0 0.364724 0.446514 0.045729 0.105306
0 0.562318 0.492866 0.044375 0.145324
0 0.249448 0.380921 0.051917 0.135380
0 0.329937 0.539171 0.051792 0.159250
0 0.476620 0.323528 0.036292 0.146463
0 0.564401 0.456815 0.046990 0.116741
0 0.313096 0.486157 0.049109 0.129537
0 0.201240 0.450028 0.052937 0.139944
0 0.367674 0.521824 0.048682 0.134759
0 0.441810 0.618398 0.044109 0.155315
0 0.584792 0.481903 0.037500 0.157139
0 0.389724 0.429940 0.040104 0.125713
0 0.416331 0.777009 0.050307 0.164315
