0 0.411398 0.428528 0.043714 0.101037
0 0.238380 0.264338 0.042052 0.134917
0 0.580424 0.580148 0.057036 0.172778
0 0.483484 0.782458 0.049948 0.180528
0 0.628974 0.370685 0.034323 0.134481
0 0.456115 0.128648 0.043562 0.131481
0 0.499477 0.281968 0.044370 0.131917
0 0.407312 0.419185 0.030146 0.089389
0 0.506430 0.314847 0.044734 0.154343
0 0.362354 0.492366 0.040781 0.138046
0 0.640576 0.464861 0.056557 0.147204
0 0.371648 0.402551 0.055026 0.101269
0 0.338924 0.535801 0.049766 0.173009
0 0.465013 0.347019 0.040245 0.128315
0 0.585307 0.463759 0.052125 0.109722
0 0.357797 0.514157 0.042844 0.144333
0 0.276628 0.429292 0.050891 0.159398
0 0.430612 0.465134 0.048682 0.106861
0 0.469430 0.507051 0.044109 0.141917
0 0.630539 0.443861 0.051161 0.127000
0 0.413966 0.422134 0.033286 0.117139
0 0.455617 0.682833 0.043547 0.172870
