0 0.516128 0.426727 0.034484 0.128324
0 0.452904 0.539310 0.094328 0.091250
0 0.263375 0.209574 0.061687 0.209519
0 0.475893 0.610991 0.058099 0.240611
0 0.283193 0.798204 0.062354 0.256870
0 0.594281 0.327894 0.042479 0.202769
0 0.483799 0.218417 0.047016 0.197074
0 0.531690 0.309213 0.040880 0.190352
0 0.468076 0.446579 0.030151 0.089380
0 0.459299 0.343421 0.050672 0.191954
0 0.331250 0.489431 0.048448 0.231620
0 0.649716 0.377833 0.054547 0.226056
0 0.395404 0.497579 0.086589 0.132657
0 0.264474 0.512301 0.063552 0.232824
0 0.474589 0.450139 0.044198 0.089019
0 0.569411 0.457546 0.045062 0.219481
0 0.445620 0.524523 0.041094 0.210139
0 0.345857 0.459403 0.040099 0.201861
0 0.443695 0.437741 0.048682 0.078963
0 0.536052 0.529815 0.044854 0.212963
0 0.546844 0.404319 0.044021 0.155917
0 0.472115 0.443319 0.033281 0.117139
0 0.465326 0.554181 0.043568 0.221509
