0 0.324125 0.440333 0.044635 0.088981
0 0.199630 0.288639 0.042052 0.134926
0 0.466667 0.577616 0.061052 0.136324
0 0.395872 0.836912 0.056380 0.166583
0 0.653539 0.305199 0.044078 0.113639
0 0.405859 0.082278 0.043563 0.117389
0 0.589753 0.177898 0.046078 0.103259
0 0.538615 0.301583 0.034781 0.106481
0 0.392956 0.319273 0.039172 0.127620
0 0.349607 0.383356 0.049422 0.099213
0 0.463622 0.432546 0.032703 0.115111
0 0.245906 0.359310 0.037771 0.122769
0 0.299875 0.475329 0.036667 0.114269
0 0.421599 0.309255 0.036292 0.101009
0 0.492185 0.434782 0.047005 0.133361
0 0.359096 0.432370 0.040568 0.105278
0 0.202810 0.459435 0.065505 0.083778
0 0.314008 0.506343 0.041953 0.122333
0 0.458456 0.746319 0.057911 0.163787
0 0.646477 0.539120 0.059547 0.147537
0 0.461505 0.392060 0.054417 0.066250
0 0.375013 0.748806 0.054026 0.133185
