0 0.244422 0.302671 0.033552 0.100102
0 0.241919 0.333356 0.042057 0.134917
0 0.256010 0.544759 0.059635 0.129148
0 0.150268 0.750190 0.056380 0.150361
0 0.400492 0.204569 0.047380 0.097880
0 0.420148 0.121528 0.043568 0.117389
0 0.640164 0.141542 0.040568 0.109935
0 0.568172 0.227157 0.039573 0.117889
0 0.360013 0.303264 0.034307 0.095843
0 0.355648 0.339755 0.038120 0.069972
0 0.362122 0.372301 0.039484 0.096954
0 0.334411 0.399935 0.041385 0.094833
0 0.303411 0.414440 0.050188 0.116176
0 0.439591 0.271806 0.055432 0.108167
0 0.521841 0.413616 0.041932 0.139417
0 0.411857 0.360366 0.054714 0.095843
0 0.383727 0.424269 0.064089 0.107463
0 0.355177 0.479852 0.052927 0.132630
0 0.445721 0.807426 0.052568 0.164722
0 0.714109 0.652861 0.054344 0.150463
0 0.783375 0.296486 0.051677 0.126713
0 0.388810 0.514653 0.054443 0.142120
