0 0.556393 0.420245 0.043922 0.213509
0 0.456880 0.559551 0.105396 0.093528
0 0.245310 0.123042 0.074724 0.246083
0 0.401013 0.622769 0.086266 0.310944
0 0.198885 0.811287 0.073438 0.311463
0 0.573195 0.247981 0.042484 0.234259
0 0.513948 0.157440 0.063240 0.253324
0 0.578479 0.246662 0.045719 0.195787
0 0.468076 0.446579 0.030151 0.089380
0 0.407609 0.319088 0.060781 0.254231
0 0.277469 0.485954 0.070542 0.306278
0 0.619430 0.326019 0.055349 0.222222
0 0.368307 0.485588 0.055469 0.209194
0 0.193427 0.502708 0.083771 0.300213
0 0.474589 0.450139 0.044198 0.089019
0 0.595411 0.456704 0.045062 0.269111
0 0.405823 0.516630 0.048354 0.272704
0 0.338536 0.469366 0.055188 0.276954
0 0.443695 0.437741 0.048682 0.078963
0 0.542747 0.577333 0.057953 0.272352
0 0.589862 0.411162 0.046297 0.226269
0 0.472115 0.443319 0.033281 0.117139
0 0.459906 0.549741 0.050448 0.281778
