0 0.385859 0.415884 0.043073 0.109324
0 0.220513 0.272227 0.045089 0.137639
0 0.570448 0.580620 0.056719 0.166167
0 0.485534 0.801861 0.050609 0.176241
0 0.634781 0.375991 0.037656 0.139167
0 0.441312 0.102352 0.043562 0.117389
0 0.519552 0.277199 0.044708 0.130898
0 0.400961 0.403120 0.037224 0.096389
0 0.495599 0.318380 0.040760 0.150500
0 0.365044 0.474519 0.045724 0.137296
0 0.603047 0.487380 0.050958 0.141204
0 0.307784 0.394917 0.063016 0.133722
0 0.338052 0.543296 0.051812 0.170259
0 0.464794 0.325972 0.036297 0.131944
0 0.579068 0.459560 0.046990 0.116731
0 0.336065 0.498847 0.044099 0.138472
0 0.243760 0.435083 0.052938 0.164630
0 0.407557 0.498380 0.048677 0.134759
0 0.457247 0.556662 0.044109 0.155324
0 0.625510 0.467819 0.047146 0.145435
0 0.407255 0.413352 0.034646 0.118852
0 0.441419 0.727602 0.044901 0.171167
