0 0.548612 0.414125 0.040609 0.170417
0 0.455964 0.554884 0.102844 0.093009
0 0.254182 0.147565 0.075135 0.246796
0 0.425234 0.620051 0.088094 0.294713
0 0.226018 0.812653 0.070880 0.298861
0 0.582128 0.273394 0.042484 0.234250
0 0.507060 0.178394 0.059161 0.249065
0 0.570378 0.264579 0.043297 0.193065
0 0.468076 0.446579 0.030151 0.089380
0 0.424599 0.320171 0.058021 0.224843
0 0.295078 0.487694 0.066073 0.284907
0 0.631620 0.348588 0.060844 0.245139
0 0.373172 0.489981 0.066833 0.192222
0 0.213833 0.506440 0.078740 0.287806
0 0.474589 0.450139 0.044198 0.089019
0 0.589927 0.458296 0.045062 0.260037
0 0.419164 0.518245 0.044724 0.250750
0 0.343693 0.467579 0.047646 0.266028
0 0.443695 0.437741 0.048682 0.078963
0 0.542677 0.563486 0.055010 0.257824
0 0.576401 0.401065 0.045156 0.191093
0 0.472115 0.443319 0.033281 0.117139
0 0.462781 0.549847 0.047010 0.261120
