0 0.244180 0.299190 0.034036 0.117694
0 0.233076 0.332009 0.026266 0.134926
0 0.255305 0.543046 0.059630 0.129148
0 0.150984 0.747630 0.056385 0.150352
0 0.401674 0.208727 0.047380 0.097880
0 0.416773 0.121528 0.043568 0.117389
0 0.613185 0.134542 0.040568 0.109935
0 0.571901 0.222324 0.043865 0.126741
0 0.359867 0.304444 0.034307 0.087759
0 0.355648 0.341343 0.038120 0.066796
0 0.363008 0.374338 0.038203 0.093343
0 0.334411 0.402199 0.041385 0.090306
0 0.304812 0.414440 0.052990 0.116176
0 0.441872 0.267282 0.049734 0.123917
0 0.525919 0.414523 0.041932 0.139417
0 0.413359 0.363069 0.057708 0.095843
0 0.389258 0.424954 0.057349 0.107463
0 0.355422 0.475264 0.049177 0.132639
0 0.428258 0.802750 0.052568 0.164722
0 0.712799 0.643528 0.054349 0.150463
0 0.787742 0.295250 0.051672 0.126704
0 0.400021 0.521120 0.054448 0.142130
