0 0.238013 0.318157 0.046370 0.107519
0 0.246224 0.337185 0.042052 0.134926
0 0.268378 0.555273 0.078245 0.129157
0 0.163167 0.748370 0.058094 0.150352
0 0.429172 0.209134 0.047375 0.097880
0 0.422659 0.121528 0.043568 0.117389
0 0.665065 0.150884 0.040568 0.109935
0 0.565404 0.230741 0.036380 0.111315
0 0.360122 0.302389 0.034307 0.101852
0 0.355648 0.337477 0.038120 0.074528
0 0.366734 0.372514 0.040323 0.101528
0 0.331393 0.400662 0.042703 0.098972
0 0.296456 0.419338 0.049141 0.116176
0 0.427805 0.276773 0.054036 0.107009
0 0.514302 0.414542 0.042500 0.139417
0 0.401857 0.354375 0.051516 0.095843
0 0.375565 0.418579 0.066557 0.109083
0 0.338271 0.476296 0.052500 0.132630
0 0.452151 0.810065 0.052563 0.164722
0 0.772630 0.680741 0.054344 0.150463
0 0.767805 0.298338 0.052734 0.126713
0 0.412831 0.534546 0.054443 0.142130
