0 0.244932 0.299648 0.032531 0.110352
0 0.238617 0.331111 0.040391 0.134926
0 0.255648 0.543880 0.059630 0.129148
0 0.150370 0.747704 0.056385 0.150352
0 0.401099 0.206708 0.047375 0.097880
0 0.418414 0.121528 0.043568 0.117389
0 0.628091 0.136875 0.040568 0.109935
0 0.570091 0.224671 0.041776 0.122435
0 0.359940 0.303870 0.034307 0.091685
0 0.355648 0.340574 0.038120 0.068333
0 0.362578 0.373347 0.038823 0.095102
0 0.334411 0.401097 0.041385 0.092509
0 0.304133 0.414440 0.051630 0.116176
0 0.440089 0.267282 0.053302 0.123917
0 0.523940 0.414083 0.041932 0.139407
0 0.412628 0.361755 0.056255 0.095843
0 0.386573 0.424620 0.060625 0.107463
0 0.355302 0.477491 0.051000 0.132630
0 0.440781 0.805537 0.052562 0.164722
0 0.713435 0.648060 0.054349 0.150472
0 0.787469 0.295921 0.051677 0.126713
0 0.399831 0.522120 0.054443 0.142130
