0 0.243443 0.305824 0.035510 0.096444
0 0.243740 0.334977 0.042052 0.134917
0 0.256232 0.545296 0.059630 0.129148
0 0.150305 0.750750 0.056380 0.150352
0 0.410401 0.205921 0.047375 0.097880
0 0.421211 0.121528 0.043568 0.117389
0 0.650573 0.146051 0.040573 0.109935
0 0.567003 0.228671 0.038224 0.115102
0 0.360060 0.302894 0.034307 0.098380
0 0.355648 0.339259 0.038120 0.070963
0 0.361844 0.371662 0.039885 0.098102
0 0.334411 0.399222 0.041385 0.096259
0 0.302971 0.414440 0.049307 0.116176
0 0.439932 0.274051 0.055167 0.105954
0 0.520555 0.413333 0.041932 0.139407
0 0.411385 0.359514 0.053771 0.095843
0 0.381990 0.424056 0.066208 0.107463
0 0.355096 0.481296 0.054109 0.132630
0 0.448440 0.808537 0.052568 0.164722
0 0.731719 0.671079 0.054344 0.150472
0 0.780872 0.296824 0.051672 0.126704
0 0.390471 0.517139 0.054443 0.142130
