0 0.566768 0.428403 0.048339 0.270972
0 0.499737 0.391005 0.066901 0.187750
0 0.448508 0.562889 0.123609 0.125444
0 0.228708 0.104370 0.070813 0.208741
0 0.350729 0.628241 0.087365 0.343778
0 0.145273 0.808565 0.078557 0.336667
0 0.552555 0.199306 0.046391 0.239722
0 0.532177 0.121829 0.068677 0.243657
0 0.599008 0.215333 0.055109 0.219148
0 0.468076 0.446579 0.030151 0.089380
0 0.366979 0.307227 0.065083 0.295250
0 0.240016 0.475231 0.078969 0.343537
0 0.592799 0.297796 0.050609 0.206963
0 0.359352 0.464227 0.042057 0.228731
0 0.149362 0.495134 0.090797 0.330583
0 0.474589 0.450139 0.044198 0.089019
0 0.607997 0.456167 0.047172 0.293593
0 0.377786 0.515921 0.055677 0.317454
0 0.325979 0.471431 0.063833 0.291546
0 0.443695 0.437741 0.048682 0.078963
0 0.543242 0.604296 0.063661 0.305278
0 0.610885 0.424625 0.047823 0.273157
0 0.472115 0.443319 0.033281 0.117139
0 0.455151 0.547597 0.056885 0.319176
