0 0.275943 0.392287 0.044635 0.098519
0 0.216289 0.319792 0.042057 0.134917
0 0.392607 0.585319 0.057672 0.129157
0 0.364198 0.787407 0.056385 0.150352
0 0.564221 0.250773 0.043307 0.097880
0 0.407221 0.113926 0.043568 0.117389
0 0.624526 0.159296 0.046073 0.100630
0 0.561826 0.237403 0.033068 0.104491
0 0.351229 0.310255 0.032521 0.101620
0 0.330294 0.368042 0.049839 0.096806
0 0.404776 0.414616 0.047323 0.111750
0 0.315745 0.408468 0.052021 0.113102
0 0.260224 0.456884 0.036667 0.110694
0 0.379497 0.300412 0.039859 0.101509
0 0.436359 0.415806 0.044375 0.139407
0 0.353406 0.374241 0.040562 0.109463
0 0.299513 0.404162 0.051703 0.108454
0 0.253141 0.480986 0.045104 0.131583
0 0.510906 0.814454 0.059448 0.164722
0 0.800674 0.600958 0.060964 0.150472
0 0.569547 0.356644 0.056010 0.126713
0 0.408560 0.633676 0.054443 0.140889
