0 0.381898 0.414560 0.043339 0.105935
0 0.217961 0.273352 0.045526 0.138019
0 0.567781 0.578472 0.054198 0.157019
0 0.483536 0.804083 0.051333 0.176963
0 0.634714 0.375644 0.039323 0.137620
0 0.438471 0.099426 0.043568 0.117389
0 0.523044 0.273407 0.044880 0.130389
0 0.407232 0.402583 0.040766 0.099889
0 0.493154 0.319440 0.040755 0.148583
0 0.365005 0.471014 0.045729 0.133306
0 0.597956 0.488065 0.050141 0.141722
0 0.300490 0.393171 0.061625 0.133935
0 0.337039 0.542782 0.051807 0.168880
0 0.466271 0.325667 0.036292 0.133759
0 0.577234 0.459218 0.046990 0.116731
0 0.333195 0.497259 0.044724 0.137352
0 0.238448 0.436954 0.052937 0.161537
0 0.402573 0.501310 0.048677 0.134769
0 0.455315 0.564380 0.044109 0.155315
0 0.620419 0.469579 0.045943 0.146898
0 0.405065 0.415431 0.035328 0.119713
0 0.438284 0.733773 0.045578 0.170306
