0 0.286271 0.409861 0.044635 0.088981
0 0.208914 0.304019 0.042057 0.134926
0 0.413367 0.570454 0.057453 0.129148
0 0.382193 0.782338 0.056385 0.156843
0 0.606654 0.265005 0.043307 0.097880
0 0.408422 0.107880 0.043562 0.117389
0 0.605310 0.155741 0.046078 0.100630
0 0.556221 0.260884 0.033068 0.104491
0 0.364492 0.310255 0.032526 0.101620
0 0.337841 0.372792 0.049839 0.096806
0 0.424792 0.406792 0.047323 0.111750
0 0.281443 0.374644 0.039354 0.084417
0 0.272411 0.455486 0.036667 0.110694
0 0.386995 0.302593 0.036688 0.097148
0 0.459768 0.417940 0.048797 0.139417
0 0.357414 0.398139 0.040568 0.109463
0 0.255404 0.424412 0.040755 0.073120
0 0.275167 0.480977 0.040010 0.123176
0 0.485945 0.766833 0.059443 0.164722
0 0.741617 0.561991 0.060964 0.150463
0 0.517508 0.375856 0.056005 0.126713
0 0.400044 0.671028 0.054443 0.130963
