0 0.458021 0.506972 0.044635 0.088981
0 0.272451 0.255995 0.054734 0.183102
0 0.533013 0.579319 0.062349 0.209954
0 0.369909 0.750935 0.052130 0.212852
0 0.611305 0.358676 0.039682 0.174259
0 0.475464 0.232417 0.043562 0.164204
0 0.485586 0.323806 0.040880 0.164167
0 0.468076 0.446579 0.030151 0.089380
0 0.502836 0.342574 0.048703 0.158037
0 0.355745 0.485134 0.042813 0.187231
0 0.662174 0.382032 0.050880 0.170157
0 0.411456 0.485639 0.088328 0.096926
0 0.313615 0.512597 0.054698 0.187676
0 0.474589 0.450139 0.044198 0.089019
0 0.560510 0.442731 0.039667 0.166500
0 0.466437 0.496431 0.041094 0.155694
0 0.346016 0.449958 0.043604 0.172843
0 0.443695 0.437741 0.048682 0.078963
0 0.516260 0.474352 0.041760 0.146426
0 0.536357 0.410500 0.044016 0.146000
0 0.472115 0.443319 0.033281 0.117139
0 0.464716 0.553759 0.043568 0.176370
