0 0.201409 0.453880 0.036464 0.120778
0 0.192617 0.495236 0.042609 0.131361
0 0.372638 0.276074 0.054036 0.121944
0 0.315146 0.363593 0.042104 0.121259
0 0.329471 0.459889 0.053641 0.073944
0 0.337560 0.511269 0.044359 0.098241
0 0.347383 0.541782 0.041026 0.101639
0 0.308888 0.572269 0.047339 0.100574
0 0.275193 0.605509 0.061010 0.114167
0 0.226932 0.742556 0.055875 0.130463
0 0.467034 0.105847 0.049901 0.117787
0 0.719685 0.129032 0.037682 0.122602
0 0.577974 0.426292 0.035521 0.140620
0 0.470992 0.290593 0.039776 0.133889
0 0.475128 0.501069 0.041859 0.108806
0 0.437289 0.393245 0.051578 0.112250
0 0.420677 0.471056 0.060937 0.078833
0 0.414674 0.540542 0.064391 0.092120
0 0.356495 0.692824 0.062844 0.098074
0 0.308370 0.762537 0.043156 0.127519
0 0.888169 0.363333 0.040432 0.137481
0 0.786247 0.711796 0.045755 0.150500
