0 0.231969 0.465824 0.030177 0.125685
0 0.218617 0.495560 0.033339 0.148491
0 0.377219 0.275204 0.050531 0.121630
0 0.345109 0.346736 0.045781 0.117194
0 0.329667 0.454796 0.052635 0.080019
0 0.337560 0.508352 0.044359 0.098241
0 0.347930 0.540810 0.041026 0.101639
0 0.310529 0.571292 0.047339 0.100565
0 0.278487 0.604046 0.064276 0.111241
0 0.229052 0.742139 0.055875 0.130463
0 0.467034 0.105199 0.049901 0.117787
0 0.684945 0.117759 0.037682 0.122593
0 0.567122 0.358935 0.035078 0.125722
0 0.501333 0.287097 0.039781 0.133880
0 0.478589 0.500343 0.041521 0.111056
0 0.440185 0.377435 0.041109 0.132833
0 0.421885 0.468444 0.051208 0.078444
0 0.416279 0.537139 0.063047 0.091926
0 0.364312 0.685083 0.047615 0.111111
0 0.338935 0.751491 0.041307 0.154648
0 0.813711 0.369954 0.040432 0.137481
0 0.749003 0.672083 0.045755 0.150500
