0 0.211672 0.451204 0.039198 0.118778
0 0.193547 0.498056 0.043344 0.141852
0 0.381154 0.280968 0.045745 0.121250
0 0.347302 0.352630 0.045458 0.118593
0 0.333898 0.459319 0.053182 0.073083
0 0.339781 0.510963 0.043250 0.092704
0 0.349630 0.543329 0.042156 0.101417
0 0.314242 0.572935 0.044057 0.095315
0 0.281789 0.599208 0.064443 0.115028
0 0.236013 0.740060 0.055891 0.126787
0 0.467560 0.113171 0.053026 0.110380
0 0.622070 0.128259 0.037682 0.122593
0 0.564669 0.362037 0.033078 0.133204
0 0.542268 0.305676 0.033130 0.130648
0 0.479018 0.500051 0.039911 0.121657
0 0.443464 0.380796 0.044510 0.128778
0 0.425661 0.473162 0.059385 0.090843
0 0.417674 0.537454 0.063130 0.095278
0 0.371385 0.675569 0.064323 0.122694
0 0.348677 0.756671 0.040198 0.151639
0 0.801674 0.381426 0.050047 0.129963
0 0.758750 0.657602 0.043333 0.141944
