0 0.172708 0.516269 0.045479 0.112389
0 0.119401 0.475653 0.042615 0.131361
0 0.424490 0.321176 0.041229 0.123944
0 0.476661 0.387000 0.049021 0.101500
0 0.238602 0.403148 0.041401 0.099593
0 0.244370 0.453597 0.051135 0.129102
0 0.246203 0.521051 0.053031 0.123269
0 0.186094 0.587051 0.046667 0.118306
0 0.328367 0.632852 0.047797 0.124759
0 0.562180 0.150315 0.055443 0.100870
0 0.749109 0.161306 0.037208 0.103148
0 0.602102 0.404926 0.040120 0.113981
0 0.463664 0.311787 0.034547 0.119296
0 0.373805 0.511519 0.064578 0.112148
0 0.283818 0.400981 0.042271 0.115481
0 0.281857 0.435065 0.044203 0.095611
0 0.298154 0.515056 0.050464 0.133037
0 0.210469 0.611829 0.046396 0.135509
0 0.363393 0.669694 0.038245 0.146537
0 0.940596 0.393815 0.046214 0.111870
0 0.741917 0.676796 0.047240 0.132815
