0 0.308078 0.632065 0.027396 0.085611
0 0.133161 0.516750 0.034937 0.037630
0 0.460393 0.499083 0.025609 0.078870
0 0.623318 0.295866 0.025438 0.064361
0 0.281719 0.448880 0.023198 0.084222
0 0.105440 0.467676 0.027703 0.078204
0 0.235737 0.552972 0.025880 0.083778
0 0.344870 0.452847 0.026490 0.031398
0 0.912518 0.436551 0.024620 0.076731
0 0.908958 0.428528 0.020729 0.074407
0 0.572042 0.313722 0.026677 0.060667
0 0.461656 0.514954 0.026667 0.083481
0 0.195174 0.563361 0.027578 0.080741
0 0.372930 0.424769 0.020797 0.080019
0 0.336359 0.469426 0.028271 0.078963
0 0.252638 0.533009 0.030984 0.082870
0 0.419685 0.328338 0.024672 0.074639
0 0.856625 0.427347 0.021771 0.078472
0 0.508755 0.475861 0.028927 0.072148
0 0.307576 0.492375 0.025432 0.085843
0 0.151753 0.447611 0.022703 0.081370
0 0.172721 0.515440 0.024453 0.082694
