0 0.217867 0.444255 0.033641 0.127046
0 0.193310 0.495667 0.034786 0.146630
0 0.386063 0.277407 0.033073 0.136481
0 0.348878 0.352630 0.045464 0.118593
0 0.344247 0.459245 0.044526 0.070028
0 0.342484 0.513181 0.038750 0.091417
0 0.353182 0.545306 0.039365 0.097463
0 0.316326 0.573407 0.043911 0.090222
0 0.293297 0.601981 0.060385 0.118222
0 0.240271 0.739773 0.047354 0.135824
0 0.472130 0.121676 0.055323 0.109278
0 0.600698 0.153852 0.031365 0.122667
0 0.549346 0.367750 0.033078 0.133204
0 0.555680 0.338019 0.033130 0.122667
0 0.486578 0.495625 0.039917 0.121657
0 0.447120 0.380796 0.044510 0.128778
0 0.435922 0.469569 0.044094 0.110861
0 0.425180 0.535042 0.055464 0.108046
0 0.375552 0.665398 0.061812 0.135889
0 0.375672 0.763870 0.040198 0.151630
0 0.764557 0.395264 0.050052 0.129972
0 0.735034 0.645713 0.043339 0.141944
