0 0.144346 0.526741 0.038599 0.107815
0 0.094849 0.477236 0.042615 0.131361
0 0.451273 0.358597 0.029005 0.114657
0 0.559487 0.410903 0.047276 0.103287
0 0.231638 0.416389 0.041828 0.099593
0 0.221802 0.459005 0.051708 0.119306
0 0.234997 0.515875 0.049589 0.112120
0 0.167904 0.562940 0.043880 0.103009
0 0.420724 0.584051 0.049521 0.119009
0 0.645138 0.190667 0.045974 0.101333
0 0.781609 0.195972 0.037208 0.103148
0 0.603818 0.429120 0.040125 0.113981
0 0.476112 0.351056 0.029307 0.104704
0 0.306854 0.527593 0.043062 0.114444
0 0.267464 0.416602 0.032365 0.110500
0 0.275445 0.514079 0.043797 0.125731
0 0.163734 0.596426 0.050698 0.133963
0 0.416352 0.600236 0.033953 0.129343
0 0.962401 0.415588 0.032510 0.107343
0 0.709284 0.636495 0.035286 0.122194
