0 0.242685 0.470889 0.029422 0.124148
0 0.230375 0.498301 0.033177 0.148639
0 0.377599 0.275222 0.050146 0.121593
0 0.345495 0.345722 0.045885 0.118556
0 0.329260 0.453495 0.052208 0.082620
0 0.337560 0.508194 0.044359 0.098241
0 0.347958 0.540755 0.041021 0.101639
0 0.310617 0.571241 0.047339 0.100574
0 0.278661 0.603968 0.064448 0.111083
0 0.229167 0.742120 0.055875 0.130463
0 0.467034 0.105167 0.049901 0.117796
0 0.680990 0.117069 0.037688 0.122602
0 0.567521 0.358861 0.035062 0.126537
0 0.499891 0.287227 0.039781 0.133880
0 0.478604 0.500472 0.041375 0.112019
0 0.440852 0.376162 0.040141 0.134361
0 0.422323 0.468769 0.050063 0.078833
0 0.416471 0.537440 0.062474 0.091843
0 0.365318 0.684444 0.046885 0.111111
0 0.347229 0.751806 0.044188 0.153241
0 0.813518 0.366866 0.040432 0.137472
0 0.748164 0.673000 0.045755 0.150500
