0 0.200495 0.447866 0.032354 0.132343
0 0.187953 0.486486 0.033719 0.148139
0 0.375695 0.275134 0.052089 0.121769
0 0.343565 0.350806 0.045380 0.111722
0 0.330508 0.458046 0.053641 0.073944
0 0.337560 0.508963 0.044359 0.098241
0 0.347815 0.541014 0.041026 0.101639
0 0.310185 0.571500 0.047339 0.100574
0 0.277794 0.604352 0.063589 0.111852
0 0.228604 0.742231 0.055875 0.130463
0 0.467034 0.105333 0.049901 0.117796
0 0.696510 0.117579 0.037688 0.122602
0 0.566034 0.359403 0.035109 0.123806
0 0.499711 0.284796 0.039776 0.133889
0 0.478268 0.500042 0.041859 0.108806
0 0.437521 0.382514 0.044990 0.126731
0 0.420820 0.468032 0.055651 0.077880
0 0.415711 0.536847 0.064391 0.092120
0 0.360437 0.690009 0.053656 0.104241
0 0.314438 0.755319 0.034583 0.157954
0 0.820914 0.377731 0.040432 0.137481
0 0.757622 0.663431 0.045755 0.150509
