0 0.359448 0.831852 0.040510 0.102796
0 0.050464 0.641833 0.031260 0.053796
0 0.447495 0.606894 0.030344 0.102602
0 0.273349 0.542343 0.028104 0.099204
0 0.087312 0.571194 0.031198 0.097370
0 0.207044 0.673773 0.031682 0.109769
0 0.320271 0.568231 0.032094 0.041185
0 0.543380 0.370000 0.029115 0.080444
0 0.469508 0.645977 0.027464 0.096769
0 0.202513 0.704838 0.032786 0.099935
0 0.388443 0.480417 0.025927 0.096741
0 0.339315 0.591986 0.031203 0.096028
0 0.238536 0.654634 0.032042 0.098065
0 0.460638 0.378176 0.029349 0.084963
0 0.869328 0.520662 0.032562 0.100046
0 0.472711 0.585681 0.030797 0.087046
0 0.295065 0.599356 0.027620 0.099787
0 0.138656 0.632227 0.028594 0.108046
