0 0.228299 0.460986 0.040599 0.128731
0 0.288620 0.513583 0.043167 0.146130
0 0.380771 0.275370 0.046896 0.121296
0 0.346060 0.349176 0.045672 0.118574
0 0.326529 0.446144 0.049339 0.097287
0 0.339781 0.509097 0.043250 0.096435
0 0.349576 0.540963 0.042422 0.105333
0 0.315341 0.570218 0.047339 0.104602
0 0.278659 0.602324 0.064443 0.114370
0 0.230094 0.741935 0.055875 0.130463
0 0.467034 0.104880 0.049901 0.117796
0 0.661099 0.120167 0.037687 0.122593
0 0.570831 0.358218 0.034953 0.133380
0 0.492714 0.275278 0.039781 0.133889
0 0.478750 0.501551 0.040156 0.120046
0 0.441643 0.378769 0.042870 0.130870
0 0.424344 0.470088 0.052135 0.084194
0 0.417383 0.539111 0.059391 0.091963
0 0.361714 0.689704 0.060896 0.102722
0 0.334763 0.759375 0.048641 0.162361
0 0.831393 0.368880 0.040432 0.137481
0 0.747708 0.676963 0.044542 0.146222
