0 0.119367 0.552963 0.033307 0.085926
0 0.103625 0.477866 0.039594 0.118491
0 0.456727 0.423222 0.022599 0.101833
0 0.611766 0.404208 0.032510 0.102750
0 0.229974 0.446134 0.032469 0.088343
0 0.184424 0.462829 0.046891 0.110583
0 0.230180 0.518931 0.043464 0.094657
0 0.151951 0.542347 0.034932 0.094639
0 0.449031 0.489921 0.028427 0.088454
0 0.736682 0.243148 0.046625 0.096389
0 0.817615 0.248120 0.037802 0.089722
0 0.634396 0.408662 0.034094 0.105398
0 0.477930 0.405093 0.030495 0.104704
0 0.234862 0.548574 0.037943 0.102296
0 0.264167 0.463236 0.040844 0.109454
0 0.272099 0.508083 0.034792 0.109722
0 0.137513 0.566551 0.037984 0.121380
0 0.456909 0.520190 0.035328 0.107176
0 0.984542 0.442694 0.030917 0.107352
0 0.652398 0.604157 0.035589 0.105611
