0 0.155690 0.522551 0.041349 0.109639
0 0.104669 0.476606 0.042609 0.131361
0 0.440560 0.343630 0.033891 0.118370
0 0.526357 0.401343 0.047974 0.102574
0 0.234422 0.411093 0.041656 0.099593
0 0.230828 0.456843 0.051479 0.123222
0 0.239482 0.517944 0.050964 0.116574
0 0.175180 0.572583 0.044995 0.109130
0 0.383779 0.603569 0.048828 0.121306
0 0.611953 0.174528 0.049760 0.101148
0 0.768609 0.182102 0.037208 0.103148
0 0.603133 0.419444 0.040120 0.113981
0 0.471133 0.335347 0.031401 0.110546
0 0.333635 0.521162 0.051667 0.113528
0 0.274003 0.410356 0.036328 0.112491
0 0.308255 0.434227 0.044219 0.102176
0 0.284529 0.514472 0.046464 0.128648
0 0.182427 0.602588 0.048979 0.134583
0 0.395167 0.628019 0.035667 0.136222
0 0.953680 0.406875 0.037995 0.109157
0 0.722336 0.652620 0.040068 0.126444
