0 0.249245 0.476921 0.031417 0.127120
0 0.249609 0.501755 0.037167 0.147639
0 0.378104 0.275245 0.049625 0.121546
0 0.345586 0.346273 0.045849 0.118565
0 0.328714 0.451759 0.051635 0.086093
0 0.338448 0.508194 0.043917 0.098241
0 0.348216 0.540792 0.041245 0.102231
0 0.312508 0.571639 0.047339 0.100574
0 0.278661 0.603704 0.064448 0.111611
0 0.229312 0.742093 0.055875 0.130463
0 0.467034 0.105120 0.049901 0.117796
0 0.678099 0.117926 0.037688 0.122593
0 0.568049 0.358759 0.035047 0.127630
0 0.499289 0.284926 0.039776 0.133889
0 0.478628 0.500644 0.041182 0.113306
0 0.442112 0.376394 0.040578 0.133806
0 0.422849 0.468829 0.049990 0.079991
0 0.416727 0.537843 0.061703 0.091741
0 0.364151 0.684056 0.049219 0.111889
0 0.348620 0.751009 0.042740 0.154019
0 0.813784 0.364713 0.040432 0.137481
0 0.747049 0.674222 0.045755 0.150500
