0 0.196711 0.444222 0.032099 0.131222
0 0.185057 0.484199 0.033719 0.148139
0 0.374680 0.275088 0.053130 0.121861
0 0.342539 0.353514 0.045109 0.108083
0 0.330323 0.458375 0.053646 0.073954
0 0.337560 0.509370 0.044359 0.098241
0 0.347740 0.541148 0.041021 0.101630
0 0.309951 0.571634 0.047339 0.100565
0 0.277331 0.604560 0.063130 0.112269
0 0.228307 0.742287 0.055875 0.130463
0 0.467034 0.105426 0.049901 0.117796
0 0.701411 0.116593 0.037688 0.122593
0 0.564870 0.361875 0.035104 0.123806
0 0.491378 0.282995 0.039776 0.133880
0 0.477823 0.500042 0.041865 0.108806
0 0.435747 0.385903 0.047578 0.122676
0 0.420745 0.468551 0.058469 0.078398
0 0.415526 0.537505 0.064385 0.092120
0 0.358190 0.692949 0.059453 0.097583
0 0.309049 0.759782 0.035453 0.157713
0 0.831799 0.376713 0.040432 0.137481
0 0.765857 0.658495 0.045755 0.150509
