0 0.225745 0.458611 0.040552 0.128407
0 0.285005 0.512407 0.043167 0.146130
0 0.380898 0.275375 0.046766 0.121287
0 0.346083 0.349315 0.045667 0.118574
0 0.326529 0.446412 0.049339 0.096750
0 0.339781 0.509157 0.043250 0.096315
0 0.349641 0.540968 0.042479 0.105491
0 0.315341 0.570083 0.047339 0.104870
0 0.278659 0.602259 0.064443 0.114500
0 0.230130 0.741926 0.055875 0.130463
0 0.467034 0.104870 0.049901 0.117796
0 0.660135 0.119741 0.037688 0.122593
0 0.570961 0.358194 0.034953 0.133648
0 0.491880 0.275185 0.039781 0.133889
0 0.478755 0.501593 0.040115 0.120370
0 0.441487 0.378907 0.042984 0.130722
0 0.424320 0.470111 0.052422 0.084463
0 0.417310 0.539046 0.059536 0.092093
0 0.361714 0.690051 0.061323 0.102454
0 0.332654 0.758838 0.048641 0.161287
0 0.833018 0.369523 0.040432 0.137472
0 0.748732 0.676532 0.044307 0.145361
