0 0.277685 0.611528 0.025464 0.085963
0 0.127474 0.516065 0.030125 0.037630
0 0.450031 0.501611 0.026115 0.077037
0 0.613667 0.317477 0.025438 0.064361
0 0.271104 0.456426 0.023198 0.084222
0 0.104253 0.476375 0.024036 0.076139
0 0.221971 0.549546 0.027297 0.084926
0 0.351044 0.450792 0.026495 0.031398
0 0.875273 0.424204 0.024620 0.076722
0 0.870563 0.410505 0.019552 0.071343
0 0.581562 0.330079 0.026677 0.060676
0 0.450656 0.512894 0.026667 0.083491
0 0.180961 0.554440 0.029505 0.080750
0 0.352023 0.441231 0.020797 0.080019
0 0.316096 0.477324 0.028276 0.078963
0 0.244042 0.533009 0.030979 0.082870
0 0.400292 0.360245 0.023323 0.074639
0 0.870518 0.431468 0.021776 0.073676
0 0.523130 0.489403 0.022552 0.073843
0 0.293880 0.493565 0.021969 0.084796
0 0.141523 0.454130 0.022703 0.081370
0 0.163438 0.518954 0.026302 0.082704
