0 0.382810 0.764213 0.046922 0.157685
0 0.184987 0.674986 0.038880 0.137806
0 0.047977 0.845593 0.056026 0.162333
0 0.225112 0.718454 0.043224 0.066074
0 0.525029 0.412120 0.030557 0.128704
0 0.475464 0.885694 0.044500 0.148722
0 0.085568 0.926111 0.055115 0.147778
0 0.357943 0.535356 0.040354 0.145324
0 0.271432 0.777935 0.046073 0.154000
0 0.125302 0.860704 0.046219 0.141148
0 0.424747 0.414648 0.037828 0.127241
0 0.985266 0.617935 0.029469 0.124259
0 0.444201 0.769819 0.041276 0.146435
0 0.188516 0.726574 0.036542 0.149093
