0 0.201966 0.453181 0.035568 0.120880
0 0.191872 0.494162 0.041505 0.132954
0 0.372753 0.275972 0.054036 0.121944
0 0.304352 0.380269 0.043505 0.123444
0 0.329539 0.459769 0.053641 0.073944
0 0.337560 0.511111 0.044359 0.098241
0 0.347411 0.541731 0.041021 0.101630
0 0.308971 0.572213 0.047339 0.100574
0 0.275367 0.605431 0.061182 0.114009
0 0.227042 0.742537 0.055875 0.130463
0 0.467034 0.105815 0.049901 0.117796
0 0.718135 0.125139 0.037510 0.122907
0 0.573867 0.444551 0.039807 0.140620
0 0.472568 0.289144 0.039781 0.133880
0 0.475357 0.500963 0.041859 0.108815
0 0.437117 0.392782 0.051578 0.112250
0 0.420677 0.470852 0.060937 0.078833
0 0.414742 0.540292 0.064391 0.092120
0 0.356495 0.692722 0.062844 0.098074
0 0.307922 0.761412 0.043208 0.135935
0 0.875440 0.365315 0.040432 0.137481
0 0.782523 0.706264 0.045755 0.150509
