0 0.203401 0.449843 0.030521 0.121481
0 0.185839 0.485431 0.033719 0.148139
0 0.373714 0.275111 0.054042 0.121944
0 0.328336 0.370005 0.039161 0.105880
0 0.330117 0.458741 0.053641 0.073944
0 0.337560 0.509833 0.044359 0.098241
0 0.347651 0.541306 0.041021 0.101630
0 0.309695 0.571787 0.047339 0.100574
0 0.276813 0.604792 0.062615 0.112731
0 0.227974 0.742352 0.055875 0.130463
0 0.467034 0.105528 0.049901 0.117796
0 0.708370 0.118444 0.037687 0.122593
0 0.561148 0.381051 0.035109 0.123806
0 0.482615 0.283917 0.039781 0.133889
0 0.477279 0.500106 0.041859 0.108806
0 0.439917 0.385569 0.050188 0.117750
0 0.420677 0.469144 0.060937 0.078843
0 0.415320 0.538245 0.064391 0.092120
0 0.356495 0.691866 0.062844 0.098065
0 0.308323 0.759449 0.038083 0.157009
0 0.841091 0.371935 0.040432 0.137481
0 0.769503 0.668019 0.045755 0.150500
