0 0.204195 0.450394 0.032005 0.121306
0 0.187987 0.489153 0.036318 0.142417
0 0.373214 0.275556 0.054042 0.121944
0 0.285406 0.445486 0.043531 0.126324
0 0.329815 0.459278 0.053641 0.073944
0 0.337560 0.510500 0.044359 0.098241
0 0.347526 0.541528 0.041021 0.101630
0 0.309320 0.572009 0.047339 0.100574
0 0.276060 0.605125 0.061870 0.113398
0 0.227490 0.742454 0.055875 0.130463
0 0.467034 0.105676 0.049901 0.117796
0 0.713380 0.117250 0.037396 0.123111
0 0.558057 0.484486 0.045344 0.139176
0 0.477534 0.285755 0.039776 0.133880
0 0.476279 0.500551 0.041859 0.108806
0 0.436424 0.390940 0.051578 0.112250
0 0.420677 0.470032 0.060937 0.078843
0 0.415018 0.539310 0.064391 0.092120
0 0.356495 0.692310 0.062844 0.098065
0 0.307279 0.758968 0.041870 0.155972
0 0.842729 0.368796 0.040427 0.137481
0 0.771669 0.692315 0.045755 0.150500
