0 0.195323 0.442968 0.032687 0.134787
0 0.185370 0.484338 0.033719 0.148139
0 0.375188 0.275111 0.052615 0.121815
0 0.343052 0.352157 0.045240 0.109907
0 0.330414 0.458213 0.053641 0.073944
0 0.337560 0.509167 0.044359 0.098241
0 0.347776 0.541083 0.041021 0.101630
0 0.310070 0.571565 0.047339 0.100574
0 0.277565 0.604454 0.063359 0.112056
0 0.228458 0.742259 0.055875 0.130463
0 0.467034 0.105380 0.049901 0.117796
0 0.698378 0.116157 0.037682 0.122593
0 0.565906 0.359634 0.035104 0.123806
0 0.495724 0.283194 0.039781 0.133889
0 0.478047 0.500042 0.041865 0.108806
0 0.436635 0.384208 0.046281 0.124713
0 0.420784 0.468292 0.057057 0.078139
0 0.415620 0.537181 0.064385 0.092120
0 0.359219 0.692755 0.057135 0.098750
0 0.310318 0.758977 0.034583 0.157954
0 0.826318 0.378185 0.040427 0.137481
0 0.762956 0.658213 0.045755 0.150500
