0 0.219555 0.443282 0.033641 0.125972
0 0.197284 0.493745 0.034786 0.144065
0 0.384620 0.282884 0.033073 0.134120
0 0.350570 0.352958 0.044964 0.118806
0 0.346719 0.453250 0.042240 0.073463
0 0.344047 0.510181 0.038750 0.090565
0 0.353766 0.545856 0.039250 0.096824
0 0.318956 0.574000 0.043911 0.090222
0 0.294380 0.601037 0.058458 0.119722
0 0.243523 0.734847 0.047349 0.135824
0 0.472172 0.124574 0.051104 0.110130
0 0.597326 0.162204 0.031359 0.122667
0 0.542958 0.370472 0.033073 0.131704
0 0.553154 0.343801 0.033130 0.122657
0 0.486698 0.493907 0.039917 0.121648
0 0.446578 0.381977 0.042219 0.128565
0 0.436708 0.466583 0.043260 0.113019
0 0.426802 0.529903 0.052698 0.113602
0 0.377063 0.661972 0.060729 0.135889
0 0.375878 0.761144 0.039120 0.154824
0 0.757792 0.398787 0.048479 0.131889
0 0.726982 0.643093 0.043339 0.141944
