0 0.228581 0.431306 0.033641 0.121648
0 0.216148 0.477125 0.034786 0.133806
0 0.374276 0.294954 0.033073 0.124685
0 0.363096 0.351829 0.027370 0.119620
0 0.359911 0.419134 0.030583 0.087991
0 0.354987 0.485620 0.038068 0.099315
0 0.361732 0.520398 0.036047 0.106426
0 0.330651 0.545954 0.043906 0.090222
0 0.308297 0.572417 0.050750 0.125704
0 0.266451 0.702370 0.043464 0.135426
0 0.472247 0.133269 0.034453 0.109907
0 0.576078 0.207370 0.031365 0.122667
0 0.510224 0.370685 0.031010 0.122463
0 0.534138 0.371796 0.033130 0.122667
0 0.492427 0.481380 0.039917 0.121648
0 0.453307 0.387106 0.033073 0.127731
0 0.444982 0.442046 0.036036 0.121648
0 0.433523 0.497199 0.039807 0.135843
0 0.382641 0.632856 0.051406 0.135880
0 0.376044 0.714944 0.033651 0.140704
0 0.717211 0.407176 0.042193 0.125704
0 0.680260 0.601810 0.042656 0.135454
