0 0.197987 0.462870 0.037370 0.119630
0 0.184518 0.496292 0.044286 0.135528
0 0.374495 0.278370 0.057854 0.125333
0 0.329747 0.362852 0.046703 0.114796
0 0.318896 0.446042 0.049844 0.081639
0 0.327299 0.495454 0.044370 0.109611
0 0.333563 0.529704 0.041698 0.111167
0 0.303398 0.556713 0.047828 0.115704
0 0.253919 0.607204 0.057547 0.120000
0 0.231810 0.742111 0.051922 0.135222
0 0.469435 0.114181 0.059026 0.112583
0 0.722120 0.132907 0.037542 0.116759
0 0.580049 0.414921 0.036901 0.132620
0 0.469417 0.292046 0.039781 0.133889
0 0.472930 0.499222 0.052016 0.111185
0 0.427159 0.390907 0.059755 0.112926
0 0.392229 0.459843 0.055927 0.087148
0 0.395865 0.535495 0.065552 0.110046
0 0.331643 0.676505 0.062964 0.118657
0 0.307792 0.763491 0.041135 0.138111
0 0.901904 0.363023 0.041089 0.133343
0 0.793076 0.732361 0.049786 0.148389
