0 0.195818 0.443394 0.032323 0.132620
0 0.184948 0.484069 0.033719 0.148139
0 0.374807 0.275093 0.053000 0.121852
0 0.342664 0.353176 0.045141 0.108537
0 0.330346 0.458333 0.053641 0.073944
0 0.337560 0.509324 0.044359 0.098241
0 0.347747 0.541134 0.041026 0.101639
0 0.309982 0.571620 0.047339 0.100574
0 0.277391 0.604532 0.063187 0.112213
0 0.228344 0.742278 0.055875 0.130463
0 0.467034 0.105417 0.049901 0.117796
0 0.700557 0.116329 0.037687 0.122602
0 0.565206 0.361144 0.035109 0.123806
0 0.492492 0.282926 0.039776 0.133889
0 0.477878 0.500042 0.041859 0.108806
0 0.435969 0.385481 0.047250 0.123185
0 0.420753 0.468486 0.058120 0.078324
0 0.415549 0.537421 0.064391 0.092120
0 0.358430 0.693111 0.058974 0.097519
0 0.309130 0.759819 0.035167 0.157787
0 0.830422 0.377241 0.040427 0.137481
0 0.765336 0.657968 0.045755 0.150509
