0 0.215513 0.449116 0.040370 0.127120
0 0.270552 0.507694 0.043167 0.146130
0 0.381406 0.275398 0.046250 0.121241
0 0.346174 0.349866 0.045630 0.118583
0 0.326529 0.447486 0.049339 0.094602
0 0.339781 0.509398 0.043250 0.095833
0 0.349901 0.541000 0.042698 0.106074
0 0.315341 0.569546 0.047339 0.105944
0 0.278659 0.601995 0.064443 0.115028
0 0.230281 0.741898 0.055875 0.130463
0 0.467034 0.104824 0.049901 0.117796
0 0.656281 0.118028 0.037687 0.122593
0 0.571492 0.358093 0.034932 0.134741
0 0.488549 0.274815 0.039776 0.133889
0 0.478776 0.501764 0.039917 0.121657
0 0.440859 0.379449 0.043417 0.130176
0 0.424229 0.470218 0.053583 0.085528
0 0.417010 0.538782 0.060135 0.092620
0 0.361714 0.691440 0.063000 0.101380
0 0.324221 0.756690 0.048641 0.156991
0 0.839523 0.372093 0.040432 0.137481
0 0.752826 0.674824 0.043339 0.141944
