0 0.247604 0.475417 0.030917 0.126370
0 0.244799 0.500889 0.036172 0.147889
0 0.377979 0.275241 0.049750 0.121556
0 0.345560 0.346139 0.045859 0.118556
0 0.328852 0.452194 0.051776 0.085222
0 0.338227 0.508194 0.044026 0.098241
0 0.348154 0.540782 0.041193 0.102083
0 0.312034 0.571537 0.047339 0.100574
0 0.278661 0.603769 0.064448 0.111481
0 0.229276 0.742093 0.055875 0.130463
0 0.467034 0.105130 0.049901 0.117796
0 0.678820 0.117713 0.037682 0.122593
0 0.567917 0.358782 0.035052 0.127361
0 0.499440 0.285505 0.039776 0.133880
0 0.478625 0.500602 0.041229 0.112981
0 0.441797 0.376338 0.040469 0.133935
0 0.422716 0.468810 0.050005 0.079694
0 0.416664 0.537741 0.061901 0.091759
0 0.364443 0.684153 0.048635 0.111694
0 0.348271 0.751208 0.043104 0.153824
0 0.813716 0.365250 0.040432 0.137481
0 0.747331 0.673917 0.045755 0.150500
