0 0.222083 0.441833 0.033646 0.124352
0 0.203247 0.490852 0.034786 0.140222
0 0.382448 0.291097 0.033073 0.130583
0 0.353115 0.353444 0.044219 0.119111
0 0.350422 0.444264 0.038813 0.078602
0 0.346396 0.505685 0.038750 0.089278
0 0.354638 0.546685 0.039078 0.095852
0 0.322904 0.574884 0.043911 0.090231
0 0.296008 0.599611 0.055568 0.121963
0 0.248401 0.727458 0.047354 0.135824
0 0.472232 0.128921 0.044776 0.111417
0 0.592266 0.174731 0.031365 0.122667
0 0.533378 0.374565 0.033068 0.129463
0 0.549357 0.352477 0.033130 0.122657
0 0.486880 0.491343 0.039917 0.121648
0 0.445766 0.383750 0.038792 0.128259
0 0.437888 0.462097 0.042005 0.116250
0 0.429237 0.522204 0.048547 0.121944
0 0.379323 0.656833 0.059115 0.135889
0 0.376185 0.757056 0.037495 0.159611
0 0.747641 0.404079 0.046125 0.134769
0 0.714904 0.639167 0.043339 0.141944
