0 0.203831 0.449694 0.030526 0.121481
0 0.185839 0.485741 0.033719 0.148148
0 0.373635 0.275185 0.054042 0.121944
0 0.319185 0.381037 0.041745 0.113019
0 0.330070 0.458824 0.053641 0.073944
0 0.337560 0.509935 0.044359 0.098241
0 0.347633 0.541338 0.041026 0.101639
0 0.309638 0.571824 0.047339 0.100574
0 0.276698 0.604843 0.062500 0.112833
0 0.227901 0.742370 0.055875 0.130463
0 0.467034 0.105556 0.049901 0.117796
0 0.709339 0.118444 0.037687 0.122593
0 0.559768 0.395134 0.035109 0.123806
0 0.481667 0.284375 0.039781 0.133880
0 0.477125 0.500181 0.041865 0.108806
0 0.438971 0.386722 0.050536 0.116370
0 0.420677 0.469282 0.060937 0.078843
0 0.415273 0.538403 0.064391 0.092120
0 0.356495 0.691935 0.062844 0.098074
0 0.308164 0.759375 0.038661 0.156843
0 0.840747 0.370866 0.040432 0.137472
0 0.769503 0.673838 0.045755 0.150509
