0 0.229721 0.427250 0.033641 0.121648
0 0.217633 0.472667 0.034786 0.133815
0 0.371995 0.295968 0.033073 0.124694
0 0.362070 0.350606 0.027370 0.119620
0 0.361565 0.414065 0.029328 0.088389
0 0.357326 0.479338 0.037724 0.105398
0 0.363443 0.512495 0.034677 0.112509
0 0.331792 0.538657 0.043906 0.090222
0 0.313089 0.565926 0.050750 0.125704
0 0.271411 0.695986 0.041521 0.135231
0 0.472755 0.134787 0.034563 0.108074
0 0.572201 0.213250 0.031359 0.122667
0 0.506628 0.370278 0.029984 0.120833
0 0.529690 0.374231 0.033130 0.122667
0 0.495047 0.478546 0.039917 0.121648
0 0.457755 0.387310 0.033073 0.127731
0 0.447549 0.435764 0.034099 0.121657
0 0.433638 0.491116 0.038891 0.135843
0 0.382414 0.625153 0.048901 0.135880
0 0.378497 0.705213 0.033078 0.141111
0 0.709341 0.407787 0.042193 0.125704
0 0.672448 0.594306 0.042313 0.132204
