0 0.390484 0.744449 0.044781 0.149250
0 0.194479 0.656949 0.037188 0.133139
0 0.067247 0.823810 0.051547 0.155954
0 0.236755 0.699306 0.042542 0.061815
0 0.525961 0.404361 0.029099 0.122148
0 0.472323 0.852440 0.040542 0.140713
0 0.099464 0.897824 0.048240 0.142222
0 0.361372 0.529458 0.037953 0.138157
0 0.279555 0.752972 0.043453 0.145907
0 0.138414 0.832667 0.043078 0.136074
0 0.430029 0.407500 0.036109 0.121296
0 0.975706 0.607315 0.048589 0.124259
0 0.446078 0.745491 0.038958 0.137278
0 0.200458 0.710523 0.034906 0.141935
