0 0.302727 0.628944 0.027078 0.085667
0 0.132214 0.516639 0.034135 0.037630
0 0.458750 0.499546 0.025865 0.078648
0 0.621708 0.299468 0.025437 0.064361
0 0.279948 0.450139 0.023198 0.084222
0 0.103526 0.469963 0.027094 0.077870
0 0.233164 0.552745 0.026589 0.084361
0 0.345898 0.452505 0.026495 0.031398
0 0.906310 0.434495 0.024620 0.076731
0 0.902557 0.425523 0.020531 0.073898
0 0.573974 0.316759 0.026677 0.060667
0 0.459823 0.514611 0.026667 0.083481
0 0.192182 0.562102 0.028542 0.080741
0 0.369617 0.427056 0.020797 0.080019
0 0.332982 0.470745 0.028276 0.078972
0 0.251206 0.533009 0.030984 0.082870
0 0.416453 0.333662 0.024448 0.074639
0 0.858940 0.428032 0.021776 0.077676
0 0.511151 0.478120 0.027865 0.072426
0 0.305294 0.492574 0.024859 0.085667
0 0.150047 0.448699 0.022698 0.081380
0 0.171042 0.516083 0.025094 0.082704
