0 0.209250 0.450514 0.039740 0.122620
0 0.208760 0.499981 0.052812 0.141852
0 0.381271 0.278398 0.045979 0.121241
0 0.346492 0.351801 0.045516 0.118583
0 0.332003 0.454602 0.051005 0.081870
0 0.339781 0.510241 0.043250 0.094148
0 0.349755 0.542255 0.042406 0.103565
0 0.314284 0.571426 0.045224 0.102185
0 0.280344 0.600495 0.064438 0.115028
0 0.233370 0.740907 0.055885 0.128481
0 0.467318 0.109319 0.051583 0.113806
0 0.638576 0.122310 0.037682 0.122602
0 0.571729 0.360412 0.034167 0.135769
0 0.514977 0.289685 0.033130 0.130648
0 0.477932 0.501333 0.039917 0.121648
0 0.440333 0.380796 0.044510 0.128778
0 0.423909 0.470597 0.057651 0.089250
0 0.415964 0.537852 0.062229 0.094481
0 0.364969 0.689782 0.066490 0.104676
0 0.321930 0.755407 0.041651 0.151000
0 0.822891 0.383116 0.050052 0.129972
0 0.758008 0.666255 0.043339 0.141954
