0 0.273195 0.607495 0.025141 0.086028
0 0.126526 0.515954 0.029323 0.037630
0 0.448135 0.501954 0.025865 0.076574
0 0.612060 0.321079 0.025443 0.064361
0 0.269333 0.457685 0.023198 0.084222
0 0.107484 0.476144 0.023427 0.075787
0 0.220234 0.548287 0.026583 0.084352
0 0.352076 0.450449 0.026495 0.031398
0 0.869065 0.422144 0.024620 0.076731
0 0.864164 0.407500 0.019359 0.070833
0 0.582464 0.332194 0.026677 0.060667
0 0.448823 0.512551 0.026667 0.083491
0 0.179833 0.552495 0.028542 0.080750
0 0.348195 0.444898 0.020797 0.080019
0 0.312719 0.478639 0.028271 0.078963
0 0.242609 0.533009 0.030979 0.082870
0 0.397057 0.365565 0.023094 0.074630
0 0.872836 0.432153 0.021776 0.072880
0 0.525526 0.491662 0.021490 0.074120
0 0.291596 0.493764 0.021391 0.084620
0 0.139818 0.455218 0.022698 0.081380
0 0.162156 0.519421 0.025948 0.082694
