0 0.337258 0.677292 0.027724 0.085546
0 0.130034 0.536792 0.034005 0.042102
0 0.462195 0.519935 0.025151 0.084667
0 0.634904 0.288616 0.025443 0.064361
0 0.294820 0.459792 0.026964 0.085231
0 0.122250 0.476227 0.028312 0.078546
0 0.244646 0.568051 0.026510 0.088343
0 0.347250 0.476347 0.032687 0.034139
0 0.953510 0.465032 0.021344 0.085009
0 0.942891 0.464731 0.022479 0.078481
0 0.559281 0.309204 0.023510 0.066556
0 0.472151 0.535713 0.026667 0.083481
0 0.220385 0.587542 0.026813 0.084861
0 0.390370 0.428852 0.021948 0.082074
0 0.351742 0.491694 0.028276 0.078963
0 0.265596 0.549750 0.025474 0.081648
0 0.444753 0.327255 0.026922 0.073435
0 0.842477 0.437097 0.025130 0.082065
0 0.496005 0.485440 0.029990 0.071861
0 0.318500 0.509019 0.026010 0.086019
0 0.152930 0.468245 0.033016 0.081380
0 0.182177 0.534657 0.024604 0.088519
