0 0.205667 0.452769 0.032021 0.129889
0 0.190536 0.488625 0.033719 0.148139
0 0.376203 0.275157 0.051573 0.121722
0 0.344081 0.349449 0.045516 0.113546
0 0.330602 0.457880 0.053641 0.073944
0 0.337560 0.508759 0.044359 0.098241
0 0.347854 0.540944 0.041021 0.101630
0 0.310299 0.571431 0.047339 0.100565
0 0.278026 0.604250 0.063813 0.111648
0 0.228755 0.742204 0.055875 0.130463
0 0.467034 0.105287 0.049901 0.117796
0 0.694643 0.119000 0.037682 0.122593
0 0.566164 0.359171 0.035109 0.123806
0 0.503701 0.286398 0.039776 0.133889
0 0.478492 0.500042 0.041859 0.108806
0 0.438411 0.380819 0.043698 0.128769
0 0.420859 0.467769 0.054240 0.077611
0 0.415805 0.536523 0.064391 0.092120
0 0.361659 0.687269 0.050172 0.109741
0 0.318552 0.751662 0.034583 0.157954
0 0.815510 0.377273 0.040427 0.137472
0 0.752289 0.668648 0.045755 0.150500
