0 0.139065 0.532773 0.038630 0.103639
0 0.095706 0.478264 0.042182 0.129528
0 0.453372 0.367125 0.028620 0.112824
0 0.568271 0.409949 0.045167 0.103213
0 0.231401 0.420639 0.040490 0.097981
0 0.216260 0.459616 0.051427 0.117935
0 0.235174 0.516509 0.047943 0.110667
0 0.165953 0.560231 0.043260 0.102278
0 0.427599 0.569083 0.046635 0.111593
0 0.658974 0.198106 0.046135 0.101213
0 0.787411 0.203306 0.037292 0.101222
0 0.608385 0.425264 0.039260 0.112750
0 0.477297 0.358657 0.029479 0.104704
0 0.297784 0.532287 0.042849 0.113759
0 0.267799 0.423167 0.035193 0.110148
0 0.274932 0.513222 0.042510 0.123444
0 0.157846 0.592454 0.048818 0.132296
0 0.425570 0.588741 0.034411 0.126759
0 0.966867 0.419926 0.032120 0.107352
0 0.701948 0.631171 0.035333 0.119824
