0 0.214201 0.449273 0.040328 0.126806
0 0.265070 0.507056 0.044130 0.145704
0 0.381396 0.275611 0.046229 0.121241
0 0.346198 0.350005 0.045625 0.118583
0 0.326922 0.447995 0.049458 0.093694
0 0.339781 0.509458 0.043250 0.095713
0 0.349891 0.541088 0.042677 0.105898
0 0.315266 0.569681 0.047188 0.105676
0 0.278779 0.601889 0.064443 0.115019
0 0.230500 0.741829 0.055875 0.130324
0 0.467052 0.105144 0.050021 0.117509
0 0.655138 0.117764 0.037682 0.123972
0 0.571625 0.358065 0.034927 0.135019
0 0.490083 0.275833 0.039115 0.133556
0 0.478656 0.501764 0.039917 0.121657
0 0.440703 0.379583 0.043531 0.130037
0 0.424203 0.470250 0.053875 0.085796
0 0.416935 0.538713 0.060286 0.092759
0 0.361711 0.691792 0.063422 0.101102
0 0.322781 0.756403 0.048042 0.156343
0 0.838440 0.373111 0.041391 0.136722
0 0.752794 0.674981 0.043339 0.141944
