0 0.215711 0.447125 0.035797 0.123231
0 0.192143 0.496620 0.035682 0.144722
0 0.384083 0.279176 0.038115 0.130389
0 0.348427 0.352630 0.045458 0.118593
0 0.340380 0.459718 0.047594 0.070361
0 0.341401 0.512389 0.040552 0.091741
0 0.351745 0.544657 0.040448 0.098759
0 0.315602 0.573403 0.043901 0.090861
0 0.288888 0.600704 0.062005 0.116944
0 0.238922 0.739769 0.050771 0.131981
0 0.470333 0.118787 0.054594 0.109259
0 0.607352 0.145199 0.033891 0.122639
0 0.554023 0.364870 0.033078 0.133204
0 0.553164 0.327458 0.033130 0.125861
0 0.483698 0.497222 0.039917 0.121648
0 0.446078 0.380796 0.044510 0.128778
0 0.432320 0.471648 0.050214 0.102852
0 0.422753 0.536005 0.058526 0.102935
0 0.374112 0.667792 0.062526 0.133009
0 0.370271 0.762269 0.040198 0.151630
0 0.776057 0.388935 0.050052 0.129963
0 0.743852 0.649875 0.043339 0.141954
