0 0.350273 0.739051 0.027724 0.085546
0 0.106930 0.576611 0.027703 0.045074
0 0.458859 0.553537 0.025010 0.088370
0 0.642703 0.302514 0.025438 0.064361
0 0.292328 0.491380 0.025448 0.085907
0 0.116682 0.509991 0.028313 0.078556
0 0.239109 0.605509 0.027406 0.091759
0 0.338049 0.513222 0.026495 0.035963
0 0.990422 0.507046 0.019156 0.090537
0 0.970250 0.511264 0.023521 0.080861
0 0.553779 0.337815 0.021401 0.070481
0 0.473911 0.574838 0.026667 0.083491
0 0.220846 0.630375 0.026953 0.087602
0 0.392326 0.445352 0.022724 0.083444
0 0.352281 0.529870 0.028271 0.078963
0 0.261792 0.588472 0.030979 0.082870
0 0.455865 0.350486 0.028271 0.072639
0 0.847880 0.469977 0.027365 0.083935
0 0.487380 0.521903 0.029990 0.071861
0 0.315651 0.539639 0.026010 0.086019
0 0.134802 0.503134 0.022698 0.081380
0 0.174732 0.573417 0.025120 0.092389
