0 0.329888 0.656519 0.027724 0.085537
0 0.135471 0.524843 0.035609 0.040611
0 0.462833 0.508954 0.025219 0.082815
0 0.631349 0.286565 0.025437 0.064352
0 0.293052 0.451042 0.026510 0.084898
0 0.120385 0.467306 0.028312 0.078556
0 0.244484 0.557593 0.026063 0.086630
0 0.348409 0.464343 0.032682 0.033222
0 0.939169 0.451347 0.022432 0.082250
0 0.931911 0.448787 0.021958 0.077296
0 0.562547 0.303782 0.024563 0.064602
0 0.470068 0.523801 0.026667 0.083491
0 0.215849 0.574384 0.026750 0.083491
0 0.387154 0.424278 0.021568 0.081389
0 0.349232 0.479343 0.028276 0.078963
0 0.264049 0.538657 0.025474 0.081648
0 0.438164 0.321759 0.026245 0.073833
0 0.843760 0.428431 0.024010 0.081139
0 0.499802 0.475778 0.029990 0.071870
0 0.317344 0.499528 0.026010 0.086019
0 0.156664 0.456921 0.033016 0.081380
0 0.182112 0.522935 0.024339 0.086574
