0 0.128500 0.544838 0.038708 0.095287
0 0.097424 0.480319 0.041318 0.125843
0 0.457565 0.384185 0.027839 0.109167
0 0.585844 0.408032 0.040948 0.103065
0 0.230927 0.429139 0.037813 0.094778
0 0.205180 0.460833 0.050849 0.115185
0 0.235529 0.517773 0.044641 0.107769
0 0.162055 0.554815 0.042016 0.100815
0 0.441354 0.539144 0.040875 0.096769
0 0.686648 0.212981 0.046453 0.100963
0 0.799018 0.217972 0.037464 0.097389
0 0.617516 0.417542 0.037542 0.110306
0 0.479659 0.373861 0.029818 0.104704
0 0.279643 0.541676 0.042422 0.112389
0 0.268474 0.436292 0.040844 0.109454
0 0.273901 0.511509 0.039938 0.118870
0 0.146070 0.584505 0.045057 0.128935
0 0.444010 0.565750 0.035333 0.121611
0 0.975794 0.428606 0.031339 0.107343
0 0.687276 0.620528 0.035417 0.115093
