0 0.120797 0.549023 0.027833 0.084917
0 0.108107 0.473361 0.038734 0.114815
0 0.451693 0.445194 0.018146 0.098167
0 0.620115 0.402292 0.028292 0.102602
0 0.229500 0.454634 0.029792 0.085139
0 0.174753 0.463606 0.043505 0.108731
0 0.224482 0.518824 0.045578 0.084426
0 0.145747 0.535296 0.029089 0.089926
0 0.442953 0.470625 0.021740 0.094972
0 0.759047 0.258440 0.046469 0.092046
0 0.824609 0.263606 0.037969 0.085880
0 0.642141 0.407500 0.032375 0.102944
0 0.473839 0.421120 0.030833 0.104704
0 0.208221 0.546079 0.033891 0.093583
0 0.259188 0.477056 0.035198 0.110148
0 0.271328 0.506366 0.032219 0.105157
0 0.140732 0.556537 0.034672 0.117185
0 0.451367 0.497611 0.034411 0.097907
0 0.984359 0.448097 0.031281 0.107343
0 0.632193 0.598426 0.035677 0.100870
