0 0.190000 0.483852 0.039479 0.116963
0 0.143956 0.474065 0.042609 0.131370
0 0.397703 0.283745 0.053448 0.133231
0 0.393836 0.363097 0.050766 0.099713
0 0.276430 0.425574 0.040984 0.099593
0 0.297802 0.460537 0.044396 0.136148
0 0.286680 0.532310 0.047891 0.131287
0 0.204281 0.611157 0.049458 0.133611
0 0.270453 0.701546 0.046073 0.130500
0 0.498172 0.117616 0.064906 0.100417
0 0.727802 0.141944 0.037208 0.103148
0 0.584885 0.388380 0.040125 0.113981
0 0.462409 0.293954 0.039776 0.133889
0 0.426120 0.493912 0.056823 0.106806
0 0.355734 0.396333 0.052177 0.120481
0 0.325854 0.433671 0.044229 0.106546
0 0.324740 0.526718 0.049375 0.134157
0 0.246401 0.635458 0.042094 0.137046
0 0.316443 0.726167 0.040865 0.146963
0 0.920065 0.368208 0.050422 0.111787
0 0.774544 0.717097 0.059193 0.143454
