0 0.183375 0.577208 0.031917 0.075583
0 0.100862 0.507736 0.031297 0.044528
0 0.432068 0.492310 0.023135 0.080417
0 0.613156 0.358444 0.018583 0.075444
0 0.228424 0.472657 0.035089 0.087426
0 0.117815 0.475690 0.031724 0.088880
0 0.167643 0.552227 0.034505 0.072602
0 0.364997 0.452676 0.041380 0.037759
0 0.829109 0.369606 0.031760 0.079917
0 0.843776 0.359157 0.021365 0.075648
0 0.618568 0.370690 0.024437 0.076231
0 0.432055 0.502074 0.021901 0.090370
0 0.160008 0.532449 0.022161 0.084417
0 0.292016 0.471806 0.033312 0.083204
0 0.273286 0.483111 0.025146 0.078426
0 0.206596 0.538704 0.035599 0.085685
0 0.379133 0.407412 0.022943 0.059787
0 0.938508 0.444625 0.036974 0.078657
0 0.562758 0.538519 0.032443 0.093741
0 0.253091 0.494301 0.025891 0.090935
