0 0.122219 0.550176 0.027229 0.083259
0 0.110461 0.470505 0.036984 0.110398
0 0.444930 0.459134 0.017120 0.095361
0 0.623469 0.397731 0.025250 0.099889
0 0.226625 0.464509 0.029417 0.086519
0 0.162831 0.464301 0.038880 0.105065
0 0.215042 0.521606 0.045813 0.079972
0 0.143156 0.533139 0.025948 0.084278
0 0.430620 0.458014 0.025531 0.089157
0 0.775633 0.275056 0.045109 0.088963
0 0.828677 0.279370 0.036448 0.083278
0 0.644232 0.403801 0.030578 0.099269
0 0.467849 0.438171 0.031469 0.102731
0 0.189164 0.543458 0.029734 0.089639
0 0.257380 0.482514 0.030250 0.107454
0 0.268826 0.503019 0.030661 0.100481
0 0.147492 0.553255 0.031651 0.112380
0 0.437971 0.478088 0.033161 0.089898
0 0.983870 0.452074 0.032260 0.104667
0 0.616568 0.592861 0.035719 0.098500
0 0.240073 0.506435 0.029927 0.095981
