0 0.233417 0.465731 0.040688 0.129370
0 0.295849 0.515940 0.043167 0.146139
0 0.380518 0.275356 0.047161 0.121324
0 0.346016 0.348898 0.045688 0.118574
0 0.326529 0.445606 0.049339 0.098361
0 0.339781 0.508977 0.043250 0.096676
0 0.349445 0.540944 0.042307 0.105037
0 0.315341 0.570486 0.047339 0.104065
0 0.278659 0.602458 0.064443 0.114102
0 0.230021 0.741954 0.055875 0.130463
0 0.467034 0.104903 0.049901 0.117787
0 0.663026 0.121028 0.037688 0.122593
0 0.570565 0.358273 0.034964 0.132824
0 0.494378 0.275463 0.039776 0.133889
0 0.478737 0.501463 0.040255 0.119407
0 0.441958 0.378500 0.042656 0.131148
0 0.424388 0.470032 0.051557 0.083657
0 0.417534 0.539245 0.059089 0.091694
0 0.361716 0.689005 0.060057 0.103269
0 0.338977 0.760449 0.048641 0.164509
0 0.828141 0.367597 0.040427 0.137472
0 0.745661 0.677819 0.045031 0.147935
