0 0.223771 0.440866 0.033646 0.123269
0 0.207221 0.488931 0.034786 0.137657
0 0.381005 0.293606 0.033073 0.128231
0 0.356758 0.353769 0.039818 0.119315
0 0.352893 0.438269 0.036526 0.082037
0 0.347964 0.502685 0.038750 0.088426
0 0.355773 0.544273 0.038964 0.095213
0 0.325255 0.571528 0.043906 0.090222
0 0.297091 0.595704 0.053641 0.123463
0 0.251654 0.722532 0.047349 0.135824
0 0.471995 0.130338 0.040562 0.112287
0 0.588893 0.183083 0.031359 0.122667
0 0.526992 0.374819 0.033057 0.127954
0 0.546826 0.358259 0.033130 0.122667
0 0.487000 0.489630 0.039917 0.121648
0 0.445227 0.384931 0.036505 0.128046
0 0.438672 0.459106 0.041167 0.118417
0 0.430862 0.517065 0.045786 0.127500
0 0.380833 0.653407 0.058031 0.135889
0 0.375005 0.750375 0.036417 0.155880
0 0.741432 0.405870 0.044552 0.133222
0 0.707128 0.632593 0.043339 0.141944
