0 0.199201 0.446644 0.032443 0.132954
0 0.187307 0.485949 0.033719 0.148139
0 0.375568 0.275130 0.052219 0.121778
0 0.343438 0.351144 0.045344 0.111269
0 0.330484 0.458088 0.053646 0.073954
0 0.337560 0.509019 0.044359 0.098241
0 0.347807 0.541032 0.041021 0.101639
0 0.310154 0.571514 0.047339 0.100565
0 0.277737 0.604380 0.063526 0.111907
0 0.228568 0.742241 0.055875 0.130463
0 0.467034 0.105347 0.049901 0.117787
0 0.696977 0.117222 0.037682 0.122593
0 0.566003 0.359458 0.035109 0.123806
0 0.498714 0.284398 0.039781 0.133889
0 0.478214 0.500042 0.041865 0.108806
0 0.437302 0.382940 0.045312 0.126231
0 0.420813 0.468093 0.056000 0.077944
0 0.415687 0.536931 0.064385 0.092120
0 0.360133 0.690694 0.054526 0.102870
0 0.313406 0.756236 0.034583 0.157954
0 0.822263 0.377843 0.040432 0.137481
0 0.758956 0.662125 0.045755 0.150509
