0 0.254161 0.481449 0.032917 0.129343
0 0.264034 0.504338 0.040172 0.146880
0 0.378487 0.275264 0.049234 0.121509
0 0.345654 0.346690 0.045828 0.118565
0 0.328305 0.450449 0.051203 0.088694
0 0.339115 0.508194 0.043583 0.098241
0 0.348411 0.540815 0.041417 0.102667
0 0.313924 0.571935 0.047339 0.100574
0 0.278661 0.603509 0.064448 0.112000
0 0.229427 0.742065 0.055875 0.130463
0 0.467034 0.105083 0.049901 0.117796
0 0.675930 0.118569 0.037682 0.122602
0 0.568448 0.358681 0.035031 0.128454
0 0.498836 0.283204 0.039776 0.133889
0 0.478646 0.500773 0.041031 0.114269
0 0.443055 0.376569 0.040901 0.133380
0 0.423242 0.468875 0.049932 0.080861
0 0.416919 0.538144 0.061130 0.091657
0 0.363276 0.683764 0.050969 0.112472
0 0.349661 0.750412 0.041656 0.154602
0 0.813987 0.363102 0.040432 0.137481
0 0.746216 0.675134 0.045755 0.150509
