0 0.255484 0.483347 0.035698 0.131324
0 0.284104 0.509435 0.043167 0.146130
0 0.379122 0.275292 0.048589 0.121454
0 0.345766 0.347384 0.045781 0.118565
0 0.327622 0.448278 0.050484 0.093037
0 0.339781 0.508315 0.043250 0.098000
0 0.348737 0.540856 0.041693 0.103417
0 0.315341 0.571963 0.047339 0.101111
0 0.278659 0.603181 0.064443 0.112657
0 0.229609 0.742028 0.055875 0.130463
0 0.467034 0.105028 0.049901 0.117796
0 0.672193 0.119833 0.037687 0.122593
0 0.569109 0.358551 0.035010 0.129824
0 0.498083 0.280333 0.039781 0.133889
0 0.478674 0.500991 0.040786 0.115870
0 0.443685 0.377019 0.041453 0.132685
0 0.423802 0.469125 0.050042 0.081954
0 0.417242 0.538644 0.060172 0.091509
0 0.362266 0.684370 0.053938 0.111259
0 0.349622 0.752264 0.042182 0.157694
0 0.816003 0.362324 0.040432 0.137481
0 0.744820 0.676662 0.045755 0.150509
