0 0.121516 0.547056 0.025094 0.084407
0 0.110349 0.471106 0.038302 0.112972
0 0.449177 0.456185 0.015917 0.096333
0 0.624289 0.401333 0.026182 0.102519
0 0.229260 0.458884 0.028458 0.083528
0 0.169914 0.463995 0.041807 0.107806
0 0.221630 0.518769 0.046635 0.079315
0 0.142646 0.531773 0.026167 0.087565
0 0.439914 0.460981 0.018401 0.098222
0 0.770229 0.266079 0.046396 0.089880
0 0.828107 0.271352 0.038057 0.083963
0 0.646016 0.406917 0.031510 0.101722
0 0.471792 0.429134 0.031000 0.104713
0 0.194901 0.544833 0.031865 0.089222
0 0.256698 0.483968 0.032365 0.110491
0 0.270943 0.505509 0.030927 0.102870
0 0.142341 0.551532 0.033016 0.115083
0 0.448596 0.486329 0.033953 0.093269
0 0.984268 0.450796 0.031464 0.107352
0 0.622091 0.595565 0.035714 0.098500
0 0.240208 0.508204 0.030875 0.095426
