0 0.210865 0.450972 0.039385 0.120056
0 0.196703 0.498056 0.049656 0.141852
0 0.381193 0.280111 0.045823 0.121241
0 0.346852 0.352630 0.045464 0.118593
0 0.333216 0.458208 0.054172 0.075306
0 0.339781 0.510722 0.043250 0.093185
0 0.349672 0.542968 0.042240 0.102139
0 0.313969 0.572468 0.044229 0.098824
0 0.281307 0.599644 0.064438 0.115028
0 0.235133 0.740343 0.055891 0.127352
0 0.467477 0.111889 0.052547 0.111519
0 0.626810 0.124292 0.037682 0.122602
0 0.568289 0.363523 0.033078 0.133213
0 0.535159 0.299731 0.033130 0.130648
0 0.478656 0.500481 0.039917 0.121648
0 0.442422 0.380796 0.044510 0.128778
0 0.424401 0.471560 0.059385 0.090843
0 0.416234 0.537454 0.063125 0.095278
0 0.370818 0.679745 0.065042 0.116694
0 0.335180 0.753472 0.040193 0.151630
0 0.810036 0.383412 0.050052 0.129972
0 0.760422 0.659088 0.043333 0.141954
