0 0.200286 0.447523 0.031198 0.125657
0 0.185505 0.484731 0.033719 0.148148
0 0.374172 0.275065 0.053646 0.121907
0 0.342023 0.354870 0.044974 0.106259
0 0.330232 0.458537 0.053641 0.073944
0 0.337560 0.509574 0.044359 0.098241
0 0.347701 0.541218 0.041026 0.101639
0 0.309836 0.571704 0.047339 0.100574
0 0.277102 0.604662 0.062901 0.112472
0 0.228161 0.742315 0.055875 0.130463
0 0.467034 0.105472 0.049901 0.117796
0 0.704836 0.117653 0.037682 0.122602
0 0.563529 0.364782 0.035109 0.123806
0 0.486911 0.283259 0.039781 0.133889
0 0.477599 0.500042 0.041865 0.108806
0 0.438193 0.385370 0.048865 0.120648
0 0.420706 0.468815 0.059880 0.078648
0 0.415435 0.537833 0.064391 0.092130
0 0.357221 0.692292 0.061391 0.097861
0 0.308729 0.759634 0.036625 0.157398
0 0.837307 0.374597 0.040427 0.137472
0 0.767940 0.660611 0.045755 0.150500
