0 0.193479 0.579991 0.030990 0.076907
0 0.103833 0.508736 0.030854 0.043657
0 0.431792 0.496074 0.023698 0.078185
0 0.611685 0.355005 0.019443 0.075065
0 0.230768 0.469606 0.033599 0.087028
0 0.117331 0.475690 0.030536 0.087157
0 0.172391 0.555287 0.033031 0.075574
0 0.361870 0.451815 0.039521 0.036963
0 0.831526 0.376481 0.030865 0.079519
0 0.842773 0.365606 0.021068 0.074917
0 0.613766 0.368144 0.025562 0.075769
0 0.431646 0.503963 0.022500 0.089519
0 0.159320 0.535130 0.022714 0.083963
0 0.298083 0.469356 0.031750 0.082806
0 0.275000 0.482380 0.023583 0.078148
0 0.210555 0.535602 0.034370 0.084444
0 0.378331 0.403843 0.022901 0.061648
0 0.928737 0.442245 0.035078 0.077731
0 0.557214 0.530579 0.030813 0.091361
0 0.255753 0.494199 0.025932 0.089954
