0 0.216253 0.446407 0.035255 0.124185
0 0.192432 0.496384 0.035458 0.145194
0 0.384578 0.278731 0.036854 0.131907
0 0.348539 0.352630 0.045464 0.118593
0 0.341346 0.459602 0.046828 0.070278
0 0.341672 0.512588 0.040104 0.091657
0 0.352104 0.544819 0.040177 0.098435
0 0.315784 0.573407 0.043901 0.090704
0 0.289990 0.601023 0.061604 0.117269
0 0.239258 0.739769 0.049911 0.132944
0 0.470784 0.119509 0.054776 0.109259
0 0.605688 0.147361 0.033260 0.122648
0 0.552857 0.365588 0.033078 0.133213
0 0.553794 0.330102 0.033130 0.125056
0 0.484417 0.496824 0.039917 0.121648
0 0.446339 0.380796 0.044510 0.128778
0 0.433221 0.471130 0.048682 0.104852
0 0.423359 0.535764 0.057760 0.104213
0 0.374471 0.667194 0.062349 0.133722
0 0.371622 0.762671 0.040193 0.151639
0 0.773182 0.390519 0.050052 0.129963
0 0.741646 0.648833 0.043333 0.141944
