0 0.214633 0.448565 0.036870 0.121315
0 0.191555 0.497102 0.036130 0.143759
0 0.383096 0.280060 0.040630 0.127343
0 0.348201 0.352630 0.045464 0.118593
0 0.338448 0.459958 0.049125 0.070528
0 0.340862 0.511995 0.041453 0.091898
0 0.351026 0.544333 0.040990 0.099407
0 0.315240 0.573407 0.043896 0.091185
0 0.286680 0.600060 0.062818 0.116306
0 0.238245 0.739773 0.052479 0.130065
0 0.469435 0.117347 0.054234 0.109250
0 0.610677 0.140875 0.035156 0.122620
0 0.556365 0.363431 0.033083 0.133213
0 0.551904 0.322181 0.033130 0.127454
0 0.482260 0.498028 0.039917 0.121648
0 0.445552 0.380796 0.044510 0.128778
0 0.430521 0.472685 0.053271 0.098852
0 0.421542 0.536486 0.060062 0.100380
0 0.373391 0.668991 0.062885 0.131574
0 0.367573 0.761472 0.040198 0.151630
0 0.781810 0.385773 0.050047 0.129972
0 0.748258 0.651954 0.043339 0.141944
