0 0.203823 0.450856 0.032604 0.121231
0 0.188844 0.490157 0.037354 0.140130
0 0.373138 0.275630 0.054036 0.121944
0 0.284849 0.440259 0.042812 0.132907
0 0.329771 0.459361 0.053646 0.073944
0 0.337560 0.510602 0.044359 0.098241
0 0.347508 0.541560 0.041026 0.101639
0 0.309263 0.572046 0.047339 0.100574
0 0.275945 0.605176 0.061755 0.113500
0 0.227417 0.742463 0.055875 0.130463
0 0.467034 0.105704 0.049901 0.117796
0 0.713836 0.116773 0.037276 0.123324
0 0.558190 0.492218 0.044432 0.141843
0 0.477018 0.285755 0.039776 0.133880
0 0.476125 0.500625 0.041865 0.108806
0 0.436539 0.391245 0.051578 0.112250
0 0.420677 0.470167 0.060937 0.078833
0 0.414974 0.539477 0.064385 0.092120
0 0.356495 0.692380 0.062844 0.098074
0 0.307117 0.758898 0.042453 0.155815
0 0.843935 0.369259 0.040432 0.137481
0 0.772539 0.692727 0.045755 0.150509
