0 0.334003 0.661856 0.027724 0.085546
0 0.135813 0.526833 0.035583 0.041352
0 0.463029 0.511532 0.025182 0.083731
0 0.632953 0.285139 0.025438 0.064352
0 0.295445 0.451894 0.027339 0.085065
0 0.123643 0.467787 0.028318 0.078556
0 0.246029 0.558690 0.026286 0.087491
0 0.349552 0.467134 0.034229 0.033676
0 0.944281 0.454528 0.021885 0.083630
0 0.936049 0.453102 0.022224 0.077889
0 0.560654 0.302056 0.024036 0.065574
0 0.471714 0.525931 0.026667 0.083491
0 0.220271 0.576829 0.026781 0.084176
0 0.389880 0.424727 0.021760 0.081731
0 0.351607 0.482148 0.028276 0.078963
0 0.266544 0.540069 0.024099 0.081343
0 0.441974 0.321449 0.026583 0.073639
0 0.841125 0.428875 0.024573 0.081602
0 0.498161 0.476319 0.029990 0.071861
0 0.319214 0.501361 0.026010 0.086019
0 0.157464 0.459523 0.035594 0.081380
0 0.184036 0.524968 0.024469 0.087546
