0 0.204565 0.449931 0.031411 0.121380
0 0.187128 0.488157 0.035276 0.144704
0 0.373292 0.275491 0.054042 0.121944
0 0.285964 0.450708 0.044240 0.119750
0 0.329862 0.459194 0.053641 0.073944
0 0.337560 0.510398 0.044359 0.098241
0 0.347547 0.541491 0.041021 0.101630
0 0.309378 0.571977 0.047339 0.100565
0 0.276174 0.605074 0.061984 0.113296
0 0.227562 0.742435 0.055875 0.130463
0 0.467034 0.105657 0.049901 0.117796
0 0.712924 0.117731 0.037516 0.122907
0 0.557089 0.465644 0.041250 0.133028
0 0.478049 0.285755 0.039776 0.133880
0 0.476435 0.500486 0.041859 0.108806
0 0.436310 0.390634 0.051578 0.112250
0 0.420677 0.469894 0.060937 0.078843
0 0.415065 0.539144 0.064391 0.092120
0 0.356495 0.692241 0.062844 0.098074
0 0.307440 0.759042 0.041286 0.156139
0 0.841523 0.368338 0.040432 0.137472
0 0.770805 0.691907 0.045755 0.150500
