0 0.204477 0.449463 0.030526 0.121481
0 0.185839 0.486199 0.033719 0.148139
0 0.373521 0.275287 0.054042 0.121944
0 0.307052 0.406606 0.045615 0.117083
0 0.330000 0.458949 0.053646 0.073954
0 0.337560 0.510093 0.044359 0.098241
0 0.347604 0.541389 0.041021 0.101630
0 0.309549 0.571875 0.047339 0.100565
0 0.276523 0.604917 0.062328 0.112981
0 0.227786 0.742389 0.055875 0.130463
0 0.467034 0.105583 0.049901 0.117796
0 0.710789 0.118444 0.037682 0.122593
0 0.557703 0.416264 0.035104 0.123806
0 0.480247 0.285065 0.039776 0.133889
0 0.476893 0.500282 0.041859 0.108806
0 0.437555 0.388444 0.051057 0.114315
0 0.420677 0.469486 0.060937 0.078843
0 0.415203 0.538653 0.064385 0.092120
0 0.356495 0.692037 0.062844 0.098074
0 0.307922 0.759264 0.039542 0.156602
0 0.840232 0.369259 0.040432 0.137481
0 0.769503 0.682560 0.045755 0.150509
