0 0.123628 0.556426 0.031495 0.080963
0 0.110680 0.469306 0.034339 0.105241
0 0.436432 0.465028 0.019531 0.093426
0 0.621831 0.390528 0.023391 0.094630
0 0.221352 0.475755 0.031339 0.092491
0 0.148659 0.464921 0.033026 0.099583
0 0.201865 0.527292 0.044167 0.081269
0 0.144177 0.535866 0.025521 0.077713
0 0.412029 0.452088 0.039797 0.071009
0 0.786440 0.293009 0.042536 0.087130
0 0.829823 0.295417 0.033229 0.081907
0 0.640661 0.397574 0.028719 0.094352
0 0.459969 0.456255 0.032396 0.098787
0 0.177690 0.540713 0.025474 0.090463
0 0.258745 0.479611 0.026000 0.101370
0 0.264591 0.498037 0.030130 0.095704
0 0.157799 0.556699 0.028932 0.106991
0 0.416721 0.461602 0.031578 0.083167
0 0.983073 0.454625 0.033854 0.099287
0 0.605523 0.587463 0.035714 0.098500
0 0.239802 0.502898 0.028042 0.097074
