0 0.220396 0.442801 0.033646 0.125435
0 0.199273 0.492782 0.034786 0.142787
0 0.383896 0.285620 0.033073 0.132944
0 0.351419 0.353120 0.044714 0.118907
0 0.347953 0.450255 0.041094 0.075176
0 0.344831 0.508681 0.038755 0.090139
0 0.354055 0.546139 0.039193 0.096500
0 0.320271 0.574296 0.043906 0.090222
0 0.294924 0.600560 0.057495 0.120472
0 0.245148 0.732384 0.047349 0.135824
0 0.472190 0.126023 0.048995 0.110565
0 0.595638 0.166380 0.031359 0.122667
0 0.539766 0.371838 0.033073 0.130954
0 0.551888 0.346694 0.033130 0.122667
0 0.486758 0.493056 0.039911 0.121648
0 0.446307 0.382565 0.041083 0.128463
0 0.437102 0.465083 0.042839 0.114093
0 0.427615 0.527338 0.051312 0.116380
0 0.377815 0.660259 0.060193 0.135889
0 0.375982 0.759782 0.038578 0.156417
0 0.754409 0.400551 0.047693 0.132843
0 0.722956 0.641787 0.043339 0.141944
