0 0.186599 0.495171 0.049604 0.115139
0 0.134133 0.474699 0.042609 0.131361
0 0.408419 0.298718 0.048557 0.129528
0 0.426966 0.372657 0.050068 0.100426
0 0.261299 0.416602 0.041151 0.099593
0 0.276430 0.457764 0.047089 0.133324
0 0.270490 0.527810 0.049948 0.128083
0 0.197005 0.601514 0.048344 0.127491
0 0.293617 0.674069 0.046766 0.128213
0 0.523773 0.130694 0.061120 0.100593
0 0.736323 0.149685 0.037208 0.103148
0 0.591773 0.395000 0.040120 0.113981
0 0.462909 0.301088 0.037682 0.128046
0 0.405193 0.500954 0.059927 0.108944
0 0.326966 0.398194 0.048214 0.118481
0 0.308255 0.434227 0.044219 0.102176
0 0.314104 0.522051 0.049812 0.133713
0 0.232029 0.626005 0.043818 0.136435
0 0.335224 0.703574 0.039813 0.146796
0 0.928276 0.378449 0.048740 0.111824
0 0.761492 0.700977 0.054411 0.139194
