0 0.317544 0.640514 0.027724 0.085546
0 0.134448 0.518861 0.035708 0.038370
0 0.462234 0.501208 0.025323 0.080028
0 0.626531 0.290838 0.025437 0.064361
0 0.285878 0.448477 0.024026 0.084398
0 0.110612 0.465870 0.028318 0.078556
0 0.239854 0.554301 0.025396 0.084065
0 0.344984 0.455981 0.028042 0.031852
0 0.923839 0.441796 0.024073 0.078111
0 0.919497 0.435847 0.021182 0.075509
0 0.568221 0.308963 0.026151 0.061648
0 0.465135 0.517421 0.026667 0.083491
0 0.202586 0.567060 0.026651 0.081435
0 0.378969 0.422931 0.020990 0.080361
0 0.342112 0.470926 0.028276 0.078963
0 0.256568 0.534421 0.029604 0.082565
0 0.426727 0.322708 0.025234 0.074435
0 0.851672 0.427102 0.022333 0.079741
0 0.504719 0.474153 0.029990 0.071861
0 0.311729 0.494009 0.026010 0.086019
0 0.154258 0.449125 0.025276 0.081380
0 0.176328 0.516829 0.023948 0.083676
