0 0.161362 0.520458 0.042724 0.110565
0 0.109581 0.476287 0.042609 0.131370
0 0.435201 0.336144 0.036339 0.120231
0 0.509792 0.396560 0.048323 0.102213
0 0.235818 0.408444 0.041573 0.099593
0 0.235344 0.455759 0.051365 0.125185
0 0.241721 0.518977 0.051651 0.118806
0 0.178818 0.577407 0.045552 0.112185
0 0.365310 0.613329 0.048484 0.122454
0 0.595365 0.166454 0.051656 0.101056
0 0.762109 0.175171 0.037208 0.103139
0 0.602789 0.414602 0.040120 0.113981
0 0.468643 0.327495 0.032453 0.113454
0 0.347023 0.517944 0.055974 0.113074
0 0.277276 0.407227 0.038312 0.113491
0 0.299456 0.434509 0.044214 0.099981
0 0.289070 0.514667 0.047797 0.130111
0 0.191776 0.605667 0.048115 0.134889
0 0.384576 0.641912 0.036526 0.139657
0 0.949320 0.402523 0.040734 0.110065
0 0.728865 0.660676 0.042458 0.128574
