0 0.150018 0.524644 0.039974 0.108731
0 0.099760 0.476921 0.042615 0.131361
0 0.445917 0.351111 0.031448 0.116519
0 0.542922 0.406125 0.047625 0.102935
0 0.233031 0.413741 0.041740 0.099593
0 0.226315 0.457921 0.051599 0.121269
0 0.237237 0.516907 0.050276 0.114352
0 0.171542 0.567764 0.044437 0.106065
0 0.402253 0.593810 0.049172 0.120157
0 0.628547 0.182593 0.047865 0.101241
0 0.775109 0.189037 0.037208 0.103148
0 0.603474 0.424282 0.040125 0.113972
0 0.473622 0.343199 0.030359 0.107620
0 0.320245 0.524375 0.047365 0.113991
0 0.270732 0.413477 0.034349 0.111491
0 0.317055 0.433949 0.044224 0.104361
0 0.279987 0.514273 0.045130 0.127194
0 0.173081 0.599509 0.049839 0.134278
0 0.405758 0.614130 0.034807 0.132778
0 0.958042 0.411231 0.035250 0.108259
0 0.715813 0.644556 0.037677 0.124315
