0 0.199393 0.446699 0.031422 0.127046
0 0.185393 0.484597 0.033724 0.148139
0 0.374297 0.275069 0.053521 0.121898
0 0.342154 0.354528 0.045005 0.106722
0 0.330253 0.458500 0.053641 0.073944
0 0.337560 0.509528 0.044359 0.098241
0 0.347708 0.541199 0.041021 0.101639
0 0.309867 0.571685 0.047339 0.100574
0 0.277159 0.604634 0.062953 0.112417
0 0.228198 0.742306 0.055875 0.130463
0 0.467034 0.105463 0.049901 0.117796
0 0.703979 0.117389 0.037687 0.122593
0 0.563865 0.364051 0.035104 0.123806
0 0.488029 0.283194 0.039776 0.133889
0 0.477656 0.500042 0.041865 0.108806
0 0.437305 0.385690 0.048547 0.121157
0 0.420714 0.468745 0.059531 0.078583
0 0.415458 0.537755 0.064385 0.092120
0 0.357464 0.692454 0.060906 0.097796
0 0.308807 0.759671 0.036333 0.157472
0 0.835930 0.375125 0.040432 0.137472
0 0.767419 0.660083 0.045755 0.150500
