0 0.202523 0.452486 0.034682 0.120991
0 0.191128 0.493088 0.040391 0.134565
0 0.372867 0.275870 0.054036 0.121944
0 0.293560 0.396944 0.044901 0.125630
0 0.329609 0.459648 0.053646 0.073944
0 0.337560 0.510963 0.044359 0.098241
0 0.347440 0.541681 0.041026 0.101639
0 0.309060 0.572167 0.047339 0.100574
0 0.275542 0.605356 0.061354 0.113861
0 0.227156 0.742519 0.055875 0.130463
0 0.467034 0.105778 0.049901 0.117796
0 0.716586 0.121245 0.037339 0.123213
0 0.569755 0.462810 0.044094 0.140620
0 0.474143 0.287690 0.039776 0.133880
0 0.475589 0.500861 0.041865 0.108815
0 0.436943 0.392319 0.051583 0.112250
0 0.420677 0.470644 0.060937 0.078843
0 0.414813 0.540046 0.064385 0.092130
0 0.356495 0.692620 0.062844 0.098074
0 0.307474 0.760287 0.043260 0.144352
0 0.862714 0.367301 0.040427 0.137472
0 0.778805 0.700727 0.045755 0.150509
