0 0.224615 0.440380 0.033646 0.122722
0 0.209211 0.487968 0.034786 0.136380
0 0.380281 0.293384 0.033073 0.127046
0 0.359557 0.353931 0.035667 0.119417
0 0.354130 0.435273 0.035385 0.083750
0 0.348745 0.501185 0.038750 0.088000
0 0.356620 0.541583 0.038906 0.094889
0 0.326294 0.567870 0.043911 0.090222
0 0.297635 0.592269 0.052677 0.124204
0 0.253281 0.720069 0.047354 0.135824
0 0.471737 0.130301 0.038453 0.112713
0 0.587206 0.187259 0.031359 0.122667
0 0.523799 0.373708 0.033057 0.127213
0 0.545565 0.361148 0.033130 0.122667
0 0.487057 0.488769 0.039917 0.121648
0 0.444956 0.385519 0.035359 0.127944
0 0.439068 0.457606 0.040750 0.119491
0 0.431674 0.514500 0.044401 0.130278
0 0.381586 0.651694 0.057495 0.135889
0 0.373719 0.745051 0.035875 0.150546
0 0.738604 0.405903 0.043771 0.130713
0 0.703380 0.627333 0.043333 0.141944
