0 0.163164 0.571657 0.033776 0.072944
0 0.105844 0.500819 0.027365 0.066046
0 0.432620 0.484773 0.022010 0.084898
0 0.616096 0.365315 0.016870 0.076222
0 0.223732 0.478745 0.038057 0.088231
0 0.118781 0.475694 0.034104 0.092315
0 0.158148 0.546106 0.037443 0.066676
0 0.371250 0.454394 0.045104 0.039343
0 0.824271 0.355847 0.033542 0.080713
0 0.845789 0.346259 0.021964 0.077111
0 0.628172 0.375769 0.022198 0.077167
0 0.432875 0.498306 0.020708 0.092093
0 0.161383 0.527083 0.021047 0.085333
0 0.279888 0.476699 0.036443 0.084009
0 0.269867 0.484574 0.028276 0.078963
0 0.198680 0.544917 0.038057 0.088167
0 0.380732 0.414556 0.023016 0.056074
0 0.958047 0.449380 0.040781 0.080500
0 0.573844 0.554394 0.035719 0.098509
0 0.247768 0.494514 0.025818 0.092917
