0 0.204938 0.449463 0.030823 0.121444
0 0.186271 0.487157 0.034240 0.147000
0 0.373367 0.275426 0.054036 0.121944
0 0.290982 0.445005 0.047047 0.117139
0 0.329909 0.459111 0.053641 0.073944
0 0.337560 0.510296 0.044359 0.098241
0 0.347565 0.541458 0.041026 0.101639
0 0.309435 0.571944 0.047339 0.100574
0 0.276289 0.605023 0.062099 0.113194
0 0.227641 0.742417 0.055875 0.130463
0 0.467034 0.105630 0.049901 0.117796
0 0.712469 0.118208 0.037625 0.122694
0 0.556120 0.446810 0.037156 0.126880
0 0.478568 0.285755 0.039781 0.133880
0 0.476586 0.500417 0.041859 0.108815
0 0.436193 0.390329 0.051583 0.112250
0 0.420677 0.469759 0.060937 0.078833
0 0.415112 0.538977 0.064391 0.092120
0 0.356495 0.692176 0.062844 0.098074
0 0.307599 0.759116 0.040708 0.156287
0 0.840318 0.367880 0.040427 0.137481
0 0.769935 0.691495 0.045755 0.150509
