0 0.206958 0.453991 0.031937 0.129278
0 0.191182 0.489162 0.033719 0.148139
0 0.376331 0.275162 0.051443 0.121713
0 0.344211 0.349111 0.045547 0.114000
0 0.330622 0.457843 0.053641 0.073944
0 0.337560 0.508704 0.044359 0.098241
0 0.347865 0.540926 0.041021 0.101630
0 0.310326 0.571412 0.047339 0.100565
0 0.278083 0.604222 0.063875 0.111593
0 0.228792 0.742194 0.055875 0.130463
0 0.467034 0.105278 0.049901 0.117796
0 0.694177 0.119356 0.037687 0.122602
0 0.566195 0.359116 0.035109 0.123806
0 0.504695 0.286796 0.039776 0.133889
0 0.478549 0.500042 0.041859 0.108806
0 0.438633 0.380398 0.043370 0.129278
0 0.420870 0.467704 0.053885 0.077556
0 0.415826 0.536440 0.064391 0.092120
0 0.361964 0.686583 0.049302 0.111111
0 0.319583 0.750745 0.034583 0.157954
0 0.814159 0.377157 0.040432 0.137481
0 0.750956 0.669949 0.045755 0.150509
