0 0.213557 0.449995 0.037948 0.119398
0 0.190971 0.497579 0.036578 0.142806
0 0.382107 0.280944 0.043151 0.124296
0 0.347977 0.352630 0.045464 0.118593
0 0.336516 0.460190 0.050656 0.070694
0 0.340320 0.511597 0.042349 0.092065
0 0.350307 0.544009 0.041531 0.100056
0 0.314878 0.573407 0.043891 0.091500
0 0.284477 0.599426 0.063630 0.115667
0 0.237573 0.739773 0.054188 0.128139
0 0.468539 0.115898 0.053870 0.109241
0 0.614005 0.136546 0.036417 0.122611
0 0.558706 0.361991 0.033078 0.133204
0 0.550643 0.316898 0.033130 0.129056
0 0.480818 0.498824 0.039917 0.121648
0 0.445031 0.380796 0.044510 0.128778
0 0.428721 0.473722 0.056328 0.094852
0 0.420328 0.536972 0.061594 0.097833
0 0.372669 0.670190 0.063245 0.130139
0 0.364875 0.760671 0.040198 0.151639
0 0.787562 0.382606 0.050052 0.129972
0 0.752669 0.654037 0.043339 0.141944
