0 0.233898 0.591093 0.027276 0.082185
0 0.115719 0.512727 0.029063 0.040213
0 0.436479 0.503222 0.025031 0.074481
0 0.608784 0.340194 0.022870 0.070315
0 0.247594 0.462194 0.027656 0.085426
0 0.115398 0.475690 0.025776 0.080269
0 0.197745 0.549847 0.028542 0.079935
0 0.355023 0.449958 0.032078 0.033787
0 0.844479 0.401356 0.027292 0.077917
0 0.845003 0.387699 0.019870 0.072009
0 0.596203 0.352407 0.027354 0.069167
0 0.436560 0.509389 0.024880 0.086074
0 0.165799 0.543736 0.024943 0.082120
0 0.322344 0.459560 0.025490 0.081213
0 0.289438 0.481056 0.023583 0.078148
0 0.228391 0.531199 0.031448 0.082417
0 0.382276 0.388500 0.022760 0.069074
0 0.896505 0.435903 0.027479 0.074046
0 0.539802 0.507287 0.024271 0.081833
0 0.271458 0.494060 0.023698 0.086491
0 0.122732 0.460366 0.022703 0.081380
0 0.155742 0.521759 0.024172 0.082704
