0 0.210531 0.455681 0.031687 0.128769
0 0.195102 0.490079 0.033661 0.148194
0 0.376458 0.275171 0.051312 0.121694
0 0.344339 0.348773 0.045583 0.114454
0 0.330487 0.457407 0.053495 0.074815
0 0.337560 0.508657 0.044359 0.098241
0 0.347872 0.540912 0.041026 0.101639
0 0.310357 0.571398 0.047339 0.100574
0 0.278143 0.604199 0.063932 0.111546
0 0.228828 0.742185 0.055875 0.130463
0 0.467034 0.105269 0.049901 0.117796
0 0.692857 0.119130 0.037682 0.122593
0 0.566328 0.359088 0.035104 0.124083
0 0.504216 0.286843 0.039776 0.133889
0 0.478552 0.500083 0.041813 0.109130
0 0.438854 0.379972 0.043052 0.129778
0 0.421016 0.467810 0.053500 0.077676
0 0.415891 0.536537 0.064198 0.092093
0 0.362297 0.686370 0.049063 0.111111
0 0.322349 0.750852 0.035542 0.157481
0 0.814096 0.376130 0.040432 0.137481
0 0.750674 0.670255 0.045755 0.150509
