0 0.232003 0.419139 0.033641 0.121648
0 0.220596 0.463741 0.034786 0.133815
0 0.367432 0.297995 0.033073 0.124694
0 0.360018 0.348176 0.027370 0.119630
0 0.364872 0.403921 0.026818 0.089194
0 0.362000 0.466773 0.037042 0.117565
0 0.366862 0.496690 0.031932 0.124694
0 0.334073 0.524065 0.043906 0.090222
0 0.322667 0.552954 0.050750 0.125704
0 0.281328 0.683218 0.037635 0.134824
0 0.473779 0.137829 0.034786 0.104417
0 0.564445 0.225009 0.031359 0.122667
0 0.499440 0.369463 0.027943 0.117593
0 0.520794 0.379097 0.033130 0.122657
0 0.500297 0.472870 0.039917 0.121648
0 0.466651 0.387708 0.033073 0.127731
0 0.452680 0.423194 0.030224 0.121648
0 0.433865 0.478949 0.037062 0.135843
0 0.381964 0.609745 0.043885 0.135880
0 0.383398 0.685750 0.031932 0.141926
0 0.693604 0.409000 0.042198 0.125704
0 0.656823 0.579306 0.041625 0.125704
