0 0.238531 0.470477 0.040781 0.130009
0 0.303076 0.518296 0.043172 0.146130
0 0.380266 0.275347 0.047417 0.121343
0 0.345969 0.348620 0.045708 0.118574
0 0.326529 0.445069 0.049339 0.099435
0 0.339781 0.508856 0.043250 0.096917
0 0.349318 0.540926 0.042198 0.104741
0 0.315341 0.570755 0.047339 0.103528
0 0.278659 0.602588 0.064443 0.113843
0 0.229948 0.741963 0.055875 0.130463
0 0.467034 0.104926 0.049901 0.117796
0 0.664956 0.121880 0.037682 0.122593
0 0.570299 0.358324 0.034974 0.132278
0 0.496044 0.275648 0.039776 0.133889
0 0.478724 0.501380 0.040354 0.118759
0 0.442273 0.378231 0.042432 0.131426
0 0.424435 0.469981 0.050974 0.083130
0 0.417682 0.539380 0.058792 0.091426
0 0.361716 0.688310 0.059214 0.103806
0 0.343195 0.761523 0.048641 0.166657
0 0.824888 0.366315 0.040432 0.137481
0 0.743615 0.678676 0.045510 0.149648
