0 0.217674 0.459060 0.031182 0.127731
0 0.202940 0.491907 0.033557 0.148296
0 0.376708 0.275181 0.051052 0.121676
0 0.344594 0.348093 0.045646 0.115370
0 0.330214 0.456542 0.053208 0.076546
0 0.337560 0.508556 0.044359 0.098241
0 0.347891 0.540875 0.041021 0.101639
0 0.310414 0.571361 0.047339 0.100574
0 0.278258 0.604148 0.064047 0.111444
0 0.228906 0.742167 0.055875 0.130463
0 0.467034 0.105241 0.049901 0.117796
0 0.690219 0.118671 0.037688 0.122602
0 0.566594 0.359037 0.035094 0.124630
0 0.503255 0.286926 0.039781 0.133889
0 0.478565 0.500171 0.041714 0.109769
0 0.439297 0.379125 0.042406 0.130806
0 0.421307 0.468023 0.052740 0.077935
0 0.416021 0.536741 0.063812 0.092037
0 0.362971 0.685935 0.048578 0.111111
0 0.327878 0.751065 0.037464 0.156537
0 0.813966 0.374069 0.040432 0.137472
0 0.750117 0.670866 0.045755 0.150509
