0 0.202893 0.452019 0.034089 0.121056
0 0.190630 0.492370 0.039656 0.135630
0 0.372945 0.275796 0.054036 0.121944
0 0.286365 0.408065 0.045833 0.127093
0 0.329654 0.459565 0.053641 0.073944
0 0.337560 0.510861 0.044359 0.098241
0 0.347458 0.541644 0.041021 0.101639
0 0.309117 0.572130 0.047339 0.100574
0 0.275656 0.605306 0.061469 0.113759
0 0.227229 0.742500 0.055875 0.130463
0 0.467034 0.105759 0.049901 0.117796
0 0.715552 0.118653 0.037219 0.123417
0 0.564635 0.474986 0.042188 0.140620
0 0.475193 0.286722 0.039781 0.133889
0 0.475742 0.500792 0.041859 0.108806
0 0.436828 0.392014 0.051583 0.112250
0 0.420677 0.470509 0.060937 0.078833
0 0.414857 0.539884 0.064391 0.092120
0 0.356495 0.692551 0.062844 0.098065
0 0.307174 0.759537 0.043297 0.149963
0 0.854227 0.368625 0.040432 0.137472
0 0.776320 0.697037 0.045755 0.150500
