0 0.356563 0.931569 0.045312 0.100306
0 0.419737 0.672167 0.037016 0.120389
0 0.232089 0.593292 0.031438 0.115806
0 0.013401 0.631505 0.026802 0.110528
0 0.139859 0.744931 0.037021 0.132287
0 0.280513 0.629898 0.039089 0.047722
0 0.531169 0.380468 0.025995 0.098565
0 0.464005 0.734898 0.028469 0.113352
0 0.152500 0.795065 0.028938 0.121037
0 0.374820 0.507245 0.029943 0.113343
0 0.310349 0.663963 0.034865 0.117370
0 0.188745 0.733079 0.033375 0.117046
0 0.449065 0.385861 0.030693 0.100370
0 0.918065 0.552829 0.030276 0.120194
0 0.455172 0.658319 0.031802 0.106028
0 0.247016 0.652759 0.029625 0.117000
0 0.064073 0.704329 0.032937 0.127620
