0 0.235977 0.468102 0.040734 0.129685
0 0.299464 0.517120 0.043167 0.146130
0 0.380391 0.275352 0.047292 0.121333
0 0.345995 0.348759 0.045698 0.118574
0 0.326529 0.445338 0.049339 0.098898
0 0.339781 0.508917 0.043250 0.096796
0 0.349383 0.540935 0.042255 0.104889
0 0.315341 0.570620 0.047339 0.103796
0 0.278659 0.602523 0.064443 0.113972
0 0.229984 0.741954 0.055875 0.130463
0 0.467034 0.104917 0.049901 0.117796
0 0.663992 0.121454 0.037682 0.122593
0 0.570432 0.358296 0.034969 0.132556
0 0.495211 0.275556 0.039776 0.133889
0 0.478732 0.501421 0.040307 0.119083
0 0.442115 0.378366 0.042542 0.131287
0 0.424411 0.470005 0.051260 0.083398
0 0.417609 0.539310 0.058937 0.091565
0 0.361714 0.688657 0.059635 0.103537
0 0.341086 0.760986 0.048641 0.165583
0 0.826513 0.366954 0.040432 0.137481
0 0.744638 0.678245 0.045276 0.148787
