0 0.201594 0.453644 0.036167 0.120806
0 0.192370 0.494880 0.042240 0.131889
0 0.372677 0.276037 0.054042 0.121944
0 0.311547 0.369153 0.042573 0.121991
0 0.329492 0.459852 0.053641 0.073944
0 0.337560 0.511213 0.044359 0.098241
0 0.347393 0.541764 0.041026 0.101639
0 0.308914 0.572250 0.047339 0.100574
0 0.275253 0.605481 0.061068 0.114111
0 0.226969 0.742556 0.055875 0.130463
0 0.467034 0.105833 0.049901 0.117796
0 0.719167 0.127736 0.037625 0.122694
0 0.576604 0.432380 0.036948 0.140611
0 0.471518 0.290111 0.039776 0.133889
0 0.475203 0.501032 0.041865 0.108806
0 0.437232 0.393088 0.051578 0.112250
0 0.420677 0.470986 0.060937 0.078843
0 0.414695 0.540458 0.064391 0.092120
0 0.356495 0.692792 0.062844 0.098065
0 0.308219 0.762162 0.043177 0.130324
0 0.883924 0.363991 0.040432 0.137481
0 0.785008 0.709954 0.045755 0.150500
