0 0.218070 0.451491 0.040422 0.127444
0 0.274167 0.508870 0.043167 0.146130
0 0.381279 0.275394 0.046380 0.121250
0 0.346154 0.349727 0.045641 0.118583
0 0.326529 0.447218 0.049339 0.095139
0 0.339781 0.509338 0.043250 0.095954
0 0.349836 0.540995 0.042641 0.105935
0 0.315341 0.569681 0.047339 0.105676
0 0.278659 0.602060 0.064443 0.114898
0 0.230245 0.741907 0.055875 0.130463
0 0.467034 0.104833 0.049901 0.117796
0 0.657245 0.118454 0.037687 0.122593
0 0.571359 0.358116 0.034937 0.134472
0 0.489380 0.274907 0.039781 0.133889
0 0.478773 0.501722 0.039964 0.121333
0 0.441018 0.379310 0.043307 0.130306
0 0.424253 0.470194 0.053297 0.085259
0 0.417086 0.538847 0.059984 0.092491
0 0.361714 0.691093 0.062583 0.101648
0 0.326331 0.757227 0.048641 0.158065
0 0.837898 0.371454 0.040432 0.137481
0 0.751802 0.675250 0.043583 0.142796
