0 0.343766 0.708171 0.027719 0.085546
0 0.118484 0.556699 0.030854 0.043583
0 0.460529 0.536736 0.025078 0.086509
0 0.638802 0.295565 0.025438 0.064352
0 0.293576 0.475583 0.026203 0.085574
0 0.119466 0.493106 0.028318 0.078546
0 0.241878 0.586782 0.026964 0.090046
0 0.342648 0.494787 0.029589 0.035056
0 0.971966 0.486037 0.020245 0.087778
0 0.956570 0.488000 0.023005 0.079667
0 0.556529 0.323509 0.022453 0.068519
0 0.473031 0.555273 0.026667 0.083491
0 0.220615 0.608958 0.026885 0.086231
0 0.391346 0.437102 0.022339 0.082759
0 0.352013 0.510787 0.028276 0.078963
0 0.263693 0.569111 0.028229 0.082259
0 0.450307 0.338870 0.027594 0.073037
0 0.845180 0.453537 0.026245 0.083000
0 0.491693 0.503671 0.029990 0.071861
0 0.317073 0.524324 0.026010 0.086019
0 0.143867 0.485690 0.027859 0.081380
0 0.178456 0.554037 0.024859 0.090444
