0 0.325773 0.651185 0.027724 0.085537
0 0.135130 0.522847 0.035646 0.039861
0 0.462633 0.506375 0.025255 0.081880
0 0.629742 0.287986 0.025443 0.064361
0 0.290661 0.450190 0.025688 0.084731
0 0.117128 0.466824 0.028318 0.078556
0 0.242943 0.556495 0.025844 0.085769
0 0.347266 0.461560 0.031135 0.032769
0 0.934060 0.448162 0.022974 0.080861
0 0.927773 0.444472 0.021703 0.076704
0 0.564438 0.305509 0.025094 0.063611
0 0.468422 0.521681 0.026667 0.083491
0 0.211427 0.571949 0.026719 0.082806
0 0.384424 0.423829 0.021370 0.081046
0 0.346857 0.476537 0.028276 0.078963
0 0.261555 0.537245 0.026849 0.081954
0 0.434352 0.322074 0.025911 0.074037
0 0.846398 0.427991 0.023453 0.080667
0 0.501440 0.475236 0.029995 0.071861
0 0.315471 0.497685 0.026005 0.086019
0 0.155859 0.454324 0.030438 0.081370
0 0.180182 0.520898 0.024208 0.085611
