0 0.201779 0.453412 0.035870 0.120843
0 0.192122 0.494519 0.041870 0.132426
0 0.372714 0.276000 0.054042 0.121944
0 0.307951 0.374713 0.043036 0.122722
0 0.329518 0.459810 0.053641 0.073954
0 0.337560 0.511167 0.044359 0.098241
0 0.347401 0.541750 0.041021 0.101630
0 0.308945 0.572231 0.047339 0.100574
0 0.275307 0.605458 0.061125 0.114065
0 0.227005 0.742546 0.055875 0.130463
0 0.467034 0.105824 0.049901 0.117796
0 0.718651 0.126435 0.037573 0.122796
0 0.575234 0.438468 0.038375 0.140620
0 0.472042 0.289625 0.039781 0.133880
0 0.475279 0.500995 0.041859 0.108806
0 0.437174 0.392940 0.051578 0.112250
0 0.420677 0.470921 0.060937 0.078843
0 0.414719 0.540375 0.064385 0.092120
0 0.356495 0.692755 0.062844 0.098065
0 0.308070 0.761787 0.043193 0.133130
0 0.879685 0.364653 0.040432 0.137472
0 0.783763 0.708106 0.045755 0.150509
