0 0.120083 0.550995 0.030573 0.085417
0 0.105865 0.475611 0.039167 0.116648
0 0.454208 0.434204 0.020375 0.100000
0 0.615940 0.403245 0.030401 0.102676
0 0.229737 0.450384 0.031130 0.086750
0 0.179589 0.463218 0.045198 0.109657
0 0.227328 0.518880 0.044521 0.089537
0 0.148849 0.538824 0.032010 0.092278
0 0.445990 0.480273 0.025083 0.091713
0 0.747867 0.250792 0.046547 0.094213
0 0.821112 0.255866 0.037891 0.087806
0 0.638268 0.408079 0.033234 0.104176
0 0.475883 0.413111 0.030661 0.104704
0 0.221542 0.547324 0.035917 0.097944
0 0.261677 0.470148 0.038021 0.109796
0 0.271714 0.507222 0.033500 0.107444
0 0.139122 0.561542 0.036328 0.119287
0 0.454138 0.508903 0.034870 0.102546
0 0.984451 0.445394 0.031099 0.107343
0 0.642294 0.601287 0.035630 0.103241
