0 0.246487 0.476787 0.038901 0.130704
0 0.298219 0.515713 0.043167 0.146130
0 0.379755 0.275324 0.047937 0.121389
0 0.345880 0.348069 0.045740 0.118565
0 0.326940 0.446102 0.049766 0.097370
0 0.339781 0.508616 0.043250 0.097398
0 0.349060 0.540898 0.041974 0.104148
0 0.315341 0.571292 0.047339 0.102454
0 0.278659 0.602852 0.064443 0.113315
0 0.229797 0.741991 0.055875 0.130463
0 0.467034 0.104972 0.049901 0.117796
0 0.668271 0.121380 0.037687 0.122593
0 0.569771 0.358426 0.034990 0.131185
0 0.497328 0.277463 0.039781 0.133889
0 0.478703 0.501204 0.040552 0.117481
0 0.442901 0.377694 0.042000 0.131981
0 0.424211 0.469639 0.050443 0.082519
0 0.417565 0.539144 0.059214 0.091380
0 0.361922 0.686616 0.056969 0.106769
0 0.346922 0.758389 0.046219 0.163963
0 0.820539 0.364417 0.040432 0.137481
0 0.743430 0.678185 0.045755 0.150500
