0 0.209049 0.450458 0.039786 0.122954
0 0.210505 0.500306 0.052812 0.141852
0 0.381281 0.278185 0.046000 0.121241
0 0.346469 0.351662 0.045521 0.118583
0 0.331612 0.454093 0.050891 0.082778
0 0.339781 0.510181 0.043250 0.094269
0 0.349766 0.542162 0.042427 0.103750
0 0.314359 0.571292 0.045375 0.102454
0 0.280224 0.600606 0.064437 0.115028
0 0.233146 0.740977 0.055885 0.128620
0 0.467294 0.108995 0.051464 0.114083
0 0.640141 0.122310 0.037687 0.122602
0 0.572003 0.359764 0.034349 0.136194
0 0.512206 0.288509 0.033130 0.130648
0 0.477844 0.501444 0.039917 0.121648
0 0.440073 0.380796 0.044510 0.128778
0 0.423932 0.470574 0.057354 0.088981
0 0.416036 0.537917 0.062083 0.094352
0 0.364154 0.691069 0.066672 0.103176
0 0.320846 0.756000 0.041891 0.150889
0 0.824339 0.382903 0.050052 0.129972
0 0.757464 0.667324 0.043333 0.141944
