0 0.208646 0.450343 0.039875 0.123593
0 0.214000 0.500944 0.052812 0.141852
0 0.381299 0.277759 0.046036 0.121241
0 0.346424 0.351389 0.045536 0.118593
0 0.330831 0.453079 0.050651 0.084602
0 0.339781 0.510060 0.043250 0.094509
0 0.349786 0.541986 0.042469 0.104102
0 0.314510 0.571023 0.045677 0.102991
0 0.279984 0.600819 0.064437 0.115028
0 0.232706 0.741120 0.055880 0.128907
0 0.467255 0.108356 0.051219 0.114657
0 0.643273 0.122310 0.037682 0.122602
0 0.572544 0.358477 0.034714 0.137046
0 0.506664 0.286157 0.033130 0.130648
0 0.477661 0.501657 0.039917 0.121648
0 0.439552 0.380796 0.044510 0.128778
0 0.423977 0.470514 0.056776 0.088454
0 0.416187 0.538051 0.061781 0.094083
0 0.362523 0.693634 0.067026 0.100176
0 0.318680 0.757181 0.042380 0.150676
0 0.827229 0.382472 0.050052 0.129963
0 0.756380 0.669463 0.043333 0.141944
