0 0.203266 0.451556 0.033490 0.121130
0 0.190133 0.491653 0.038911 0.136694
0 0.373021 0.275731 0.054042 0.121944
0 0.286682 0.422144 0.041740 0.128546
0 0.329701 0.459481 0.053641 0.073944
0 0.337560 0.510759 0.044359 0.098241
0 0.347479 0.541611 0.041021 0.101630
0 0.309174 0.572093 0.047339 0.100574
0 0.275771 0.605250 0.061583 0.113648
0 0.227302 0.742491 0.055875 0.130463
0 0.467034 0.105731 0.049901 0.117796
0 0.714521 0.116056 0.037104 0.123630
0 0.557135 0.487162 0.035521 0.140620
0 0.476242 0.285755 0.039776 0.133880
0 0.475896 0.500727 0.041865 0.108806
0 0.436714 0.391708 0.051583 0.112250
0 0.420677 0.470375 0.060937 0.078843
0 0.414904 0.539718 0.064391 0.092120
0 0.356495 0.692481 0.062844 0.098074
0 0.306875 0.758782 0.043333 0.155583
0 0.845742 0.369944 0.040432 0.137481
0 0.773841 0.693343 0.045755 0.150500
