0 0.132661 0.564463 0.035365 0.077519
0 0.109888 0.474644 0.030828 0.093287
0 0.428872 0.473699 0.021953 0.090176
0 0.619372 0.379722 0.020599 0.086741
0 0.217609 0.485352 0.034219 0.096407
0 0.131346 0.467569 0.028557 0.093750
0 0.195273 0.530130 0.043349 0.081926
0 0.147789 0.540097 0.027557 0.070250
0 0.389253 0.448398 0.046786 0.050167
0 0.802654 0.319940 0.038682 0.084380
0 0.833935 0.318421 0.028401 0.079861
0 0.635310 0.388227 0.025922 0.086991
0 0.448242 0.479134 0.030807 0.094287
0 0.165250 0.535792 0.021177 0.090102
0 0.264065 0.476708 0.024693 0.093028
0 0.262258 0.491361 0.029339 0.088519
0 0.174221 0.557102 0.028578 0.098907
0 0.392523 0.439005 0.028609 0.072361
0 0.977432 0.455616 0.036510 0.091231
0 0.590352 0.576528 0.035714 0.098500
0 0.241180 0.498394 0.026078 0.097120
