0 0.213018 0.450713 0.038484 0.118444
0 0.190682 0.497815 0.036802 0.142333
0 0.381612 0.281384 0.044411 0.122769
0 0.347865 0.352630 0.045458 0.118593
0 0.335549 0.460310 0.051422 0.070769
0 0.340052 0.511403 0.042802 0.092139
0 0.349948 0.543847 0.041802 0.100380
0 0.314695 0.573407 0.043891 0.091648
0 0.283375 0.599106 0.064031 0.115343
0 0.237234 0.739773 0.055042 0.127176
0 0.468089 0.115176 0.053687 0.109241
0 0.615669 0.134384 0.037057 0.122602
0 0.559872 0.361269 0.033078 0.133204
0 0.550013 0.314259 0.033130 0.129852
0 0.480099 0.499222 0.039917 0.121648
0 0.444771 0.380796 0.044510 0.128778
0 0.427820 0.474241 0.057859 0.092852
0 0.419721 0.537213 0.062359 0.096556
0 0.372310 0.670792 0.063422 0.129417
0 0.363523 0.760269 0.040193 0.151630
0 0.790437 0.381028 0.050052 0.129963
0 0.754872 0.655074 0.043339 0.141944
