0 0.204370 0.451542 0.032104 0.130509
0 0.189891 0.488093 0.033719 0.148148
0 0.376076 0.275153 0.051703 0.121731
0 0.343953 0.349787 0.045479 0.113093
0 0.330576 0.457926 0.053641 0.073944
0 0.337560 0.508806 0.044359 0.098241
0 0.347844 0.540963 0.041021 0.101630
0 0.310268 0.571444 0.047339 0.100574
0 0.277969 0.604278 0.063760 0.111704
0 0.228719 0.742204 0.055875 0.130463
0 0.467034 0.105301 0.049901 0.117787
0 0.695109 0.118648 0.037687 0.122593
0 0.566133 0.359227 0.035109 0.123806
0 0.502703 0.286000 0.039781 0.133889
0 0.478437 0.500042 0.041865 0.108806
0 0.438187 0.381241 0.044021 0.128259
0 0.420852 0.467833 0.054589 0.077685
0 0.415781 0.536606 0.064385 0.092120
0 0.361352 0.687954 0.051047 0.108370
0 0.317526 0.752579 0.034583 0.157954
0 0.816862 0.377384 0.040432 0.137472
0 0.753622 0.667343 0.045755 0.150500
