0 0.211471 0.451144 0.039245 0.119102
0 0.194336 0.498056 0.044922 0.141852
0 0.381164 0.280755 0.045766 0.121250
0 0.347190 0.352630 0.045464 0.118593
0 0.333727 0.459042 0.053432 0.073639
0 0.339781 0.510903 0.043250 0.092824
0 0.349641 0.543236 0.042177 0.101602
0 0.314172 0.572819 0.044104 0.096194
0 0.281669 0.599319 0.064443 0.115028
0 0.235794 0.740130 0.055891 0.126926
0 0.467536 0.112852 0.052906 0.110667
0 0.623255 0.127264 0.037687 0.122602
0 0.565573 0.362407 0.033083 0.133204
0 0.540492 0.304185 0.033130 0.130648
0 0.478927 0.500157 0.039917 0.121648
0 0.443203 0.380796 0.044510 0.128778
0 0.425346 0.472759 0.059391 0.090852
0 0.417313 0.537454 0.063125 0.095278
0 0.371242 0.676616 0.064505 0.121194
0 0.345302 0.755870 0.040198 0.151630
0 0.803766 0.381921 0.050052 0.129972
0 0.759169 0.657972 0.043339 0.141944
