0 0.211573 0.449588 0.040240 0.126157
0 0.254109 0.505764 0.046062 0.144843
0 0.381378 0.276042 0.046193 0.121231
0 0.346242 0.350282 0.045609 0.118583
0 0.327703 0.449009 0.049698 0.091870
0 0.339781 0.509579 0.043250 0.095472
0 0.349870 0.541269 0.042635 0.105537
0 0.315115 0.569949 0.046885 0.105139
0 0.279021 0.601676 0.064438 0.115019
0 0.230943 0.741685 0.055875 0.130037
0 0.467094 0.105787 0.050260 0.116944
0 0.652849 0.117241 0.037688 0.126741
0 0.571888 0.358014 0.034922 0.135565
0 0.493154 0.277866 0.037786 0.132917
0 0.478417 0.501764 0.039917 0.121657
0 0.440388 0.379852 0.043745 0.129759
0 0.424159 0.470301 0.054453 0.086324
0 0.416786 0.538583 0.060583 0.093019
0 0.361711 0.692486 0.064266 0.100565
0 0.319901 0.755829 0.046833 0.155065
0 0.836268 0.375144 0.043318 0.135231
0 0.752729 0.675315 0.043333 0.141944
