0 0.255802 0.482954 0.033417 0.130093
0 0.268844 0.505204 0.041167 0.146630
0 0.378615 0.275269 0.049104 0.121500
0 0.345674 0.346829 0.045818 0.118565
0 0.328167 0.450019 0.051063 0.089556
0 0.339339 0.508194 0.043469 0.098241
0 0.348477 0.540824 0.041474 0.102815
0 0.314398 0.572032 0.047339 0.100565
0 0.278661 0.603440 0.064448 0.112139
0 0.229464 0.742056 0.055875 0.130463
0 0.467034 0.105074 0.049901 0.117796
0 0.675206 0.118782 0.037682 0.122602
0 0.568578 0.358653 0.035031 0.128731
0 0.498685 0.282630 0.039776 0.133889
0 0.478651 0.500819 0.040990 0.114583
0 0.443370 0.376630 0.041010 0.133241
0 0.423375 0.468889 0.049917 0.081148
0 0.416984 0.538241 0.060937 0.091630
0 0.362984 0.683667 0.051552 0.112667
0 0.350008 0.750213 0.041297 0.154796
0 0.814055 0.362565 0.040432 0.137481
0 0.745935 0.675440 0.045755 0.150509
