0 0.203638 0.451093 0.032901 0.121204
0 0.189276 0.490653 0.037875 0.138991
0 0.373099 0.275657 0.054042 0.121944
0 0.284570 0.437644 0.042453 0.136194
0 0.329747 0.459398 0.053641 0.073944
0 0.337560 0.510657 0.044359 0.098241
0 0.347500 0.541579 0.041021 0.101639
0 0.309232 0.572060 0.047339 0.100565
0 0.275885 0.605199 0.061698 0.113546
0 0.227380 0.742472 0.055875 0.130463
0 0.467034 0.105713 0.049901 0.117796
0 0.714065 0.116532 0.037224 0.123417
0 0.557839 0.490532 0.041458 0.141435
0 0.476758 0.285755 0.039776 0.133880
0 0.476049 0.500653 0.041859 0.108806
0 0.436599 0.391403 0.051583 0.112250
0 0.420677 0.470236 0.060937 0.078843
0 0.414951 0.539551 0.064391 0.092120
0 0.356495 0.692412 0.062844 0.098065
0 0.307036 0.758861 0.042750 0.155741
0 0.844539 0.369486 0.040432 0.137472
0 0.772971 0.692935 0.045755 0.150500
